"ID","trial","FirstRating","GroupRating","SecondRating","Feedback","Change"
1,1,1,7,5,6,4
1,2,1,4,3,3,2
1,3,1,7,5,6,4
1,4,6,3,4,-3,-2
1,5,8,4,5,-4,-3
1,6,7,6,6,-1,-1
1,7,5,5,5,0,0
1,8,7,5,6,-2,-1
1,9,5,1,2,-4,-3
1,10,3,6,5,3,2
1,11,1,1,1,0,0
1,12,3,3,3,0,0
1,13,1,1,1,0,0
1,14,3,4,4,1,1
1,15,6,4,5,-2,-1
1,16,8,5,6,-3,-2
1,17,8,3,4,-5,-4
1,18,1,5,4,4,3
1,19,7,4,5,-3,-2
1,20,5,6,6,1,1
1,21,8,2,4,-6,-4
1,22,3,2,2,-1,-1
1,23,3,2,2,-1,-1
1,24,4,5,5,1,1
1,25,2,4,3,2,1
1,26,8,6,7,-2,-1
1,27,1,1,1,0,0
1,28,5,5,5,0,0
1,29,8,4,5,-4,-3
1,30,8,5,6,-3,-2
1,31,4,3,3,-1,-1
1,32,3,3,3,0,0
1,33,1,5,4,4,3
1,34,8,6,7,-2,-1
1,35,4,4,4,0,0
1,36,7,3,4,-4,-3
1,37,2,3,3,1,1
1,38,8,6,7,-2,-1
1,39,1,8,6,7,5
1,40,8,8,8,0,0
1,41,8,1,3,-7,-5
1,42,3,8,6,5,3
1,43,1,5,4,4,3
1,44,8,5,6,-3,-2
1,45,6,1,2,-5,-4
1,46,6,4,5,-2,-1
1,47,1,6,4,5,3
1,48,2,2,2,0,0
1,49,5,3,4,-2,-1
1,50,8,8,8,0,0
1,51,3,3,3,0,0
1,52,5,5,5,0,0
1,53,6,1,2,-5,-4
1,54,3,2,2,-1,-1
1,55,8,5,6,-3,-2
1,56,4,1,2,-3,-2
1,57,8,1,3,-7,-5
1,58,1,2,2,1,1
1,59,5,6,6,1,1
1,60,1,5,4,4,3
1,61,4,5,5,1,1
1,62,2,4,3,2,1
1,63,8,6,7,-2,-1
1,64,6,6,6,0,0
1,65,4,8,7,4,3
1,66,8,6,7,-2,-1
1,67,7,1,3,-6,-4
1,68,2,7,5,5,3
1,69,3,5,4,2,1
1,70,6,5,5,-1,-1
1,71,7,2,4,-5,-3
1,72,1,7,5,6,4
1,73,2,1,1,-1,-1
1,74,8,4,5,-4,-3
1,75,3,7,6,4,3
1,76,8,1,3,-7,-5
1,77,5,8,7,3,2
1,78,4,3,3,-1,-1
1,79,8,6,7,-2,-1
1,80,5,6,6,1,1
1,81,6,5,5,-1,-1
1,82,8,3,4,-5,-4
1,83,7,6,6,-1,-1
1,84,5,2,3,-3,-2
1,85,5,2,3,-3,-2
1,86,3,3,3,0,0
1,87,4,3,3,-1,-1
1,88,4,7,6,3,2
1,89,7,2,4,-5,-3
1,90,6,1,2,-5,-4
1,91,2,7,5,5,3
1,92,2,6,5,4,3
1,93,7,6,6,-1,-1
1,94,3,4,4,1,1
1,95,6,3,4,-3,-2
1,96,3,8,6,5,3
1,97,2,6,5,4,3
1,98,8,2,4,-6,-4
1,99,1,7,5,6,4
1,100,5,4,4,-1,-1
1,101,1,3,2,2,1
1,102,7,2,4,-5,-3
1,103,1,2,2,1,1
1,104,5,4,4,-1,-1
1,105,6,3,4,-3,-2
1,106,7,7,7,0,0
1,107,3,2,2,-1,-1
1,108,8,5,6,-3,-2
1,109,2,4,3,2,1
1,110,4,7,6,3,2
1,111,1,8,6,7,5
1,112,7,6,6,-1,-1
1,113,8,7,7,-1,-1
1,114,3,3,3,0,0
1,115,3,6,5,3,2
1,116,7,2,4,-5,-3
1,117,3,1,2,-2,-1
1,118,1,7,5,6,4
1,119,3,6,5,3,2
1,120,3,7,6,4,3
1,121,1,1,1,0,0
1,122,8,8,8,0,0
1,123,2,4,3,2,1
1,124,2,2,2,0,0
1,125,2,2,2,0,0
1,126,1,5,4,4,3
1,127,4,8,7,4,3
1,128,3,5,4,2,1
1,129,8,8,8,0,0
1,130,2,4,3,2,1
1,131,8,1,3,-7,-5
1,132,7,7,7,0,0
1,133,8,1,3,-7,-5
1,134,5,3,4,-2,-1
1,135,6,8,7,2,1
1,136,1,4,3,3,2
1,137,7,1,3,-6,-4
1,138,5,1,2,-4,-3
1,139,3,3,3,0,0
1,140,5,1,2,-4,-3
1,141,7,3,4,-4,-3
1,142,6,2,3,-4,-3
1,143,3,4,4,1,1
1,144,4,5,5,1,1
1,145,2,7,5,5,3
1,146,7,2,4,-5,-3
1,147,5,5,5,0,0
1,148,8,2,4,-6,-4
1,149,2,8,6,6,4
1,150,7,4,5,-3,-2
1,151,6,2,3,-4,-3
1,152,8,2,4,-6,-4
1,153,7,1,3,-6,-4
2,1,3,4,4,1,1
2,2,1,4,3,3,2
2,3,1,4,3,3,2
2,4,3,2,2,-1,-1
2,5,7,1,3,-6,-4
2,6,3,6,5,3,2
2,7,7,2,4,-5,-3
2,8,5,5,5,0,0
2,9,5,4,4,-1,-1
2,10,7,5,6,-2,-1
2,11,2,3,3,1,1
2,12,1,5,4,4,3
2,13,2,3,3,1,1
2,14,3,1,2,-2,-1
2,15,8,1,3,-7,-5
2,16,7,1,3,-6,-4
2,17,6,4,5,-2,-1
2,18,8,6,7,-2,-1
2,19,3,4,4,1,1
2,20,8,4,5,-4,-3
2,21,6,2,3,-4,-3
2,22,5,2,3,-3,-2
2,23,7,7,7,0,0
2,24,7,2,4,-5,-3
2,25,8,3,4,-5,-4
2,26,6,5,5,-1,-1
2,27,1,3,2,2,1
2,28,1,5,4,4,3
2,29,2,7,5,5,3
2,30,4,2,3,-2,-1
2,31,2,2,2,0,0
2,32,2,8,6,6,4
2,33,6,3,4,-3,-2
2,34,1,2,2,1,1
2,35,7,8,8,1,1
2,36,8,4,5,-4,-3
2,37,4,4,4,0,0
2,38,2,5,4,3,2
2,39,6,3,4,-3,-2
2,40,1,8,6,7,5
2,41,5,3,4,-2,-1
2,42,1,2,2,1,1
2,43,8,2,4,-6,-4
2,44,3,1,2,-2,-1
2,45,7,5,6,-2,-1
2,46,3,4,4,1,1
2,47,5,5,5,0,0
2,48,1,2,2,1,1
2,49,3,3,3,0,0
2,50,7,5,6,-2,-1
2,51,7,3,4,-4,-3
2,52,5,8,7,3,2
2,53,7,2,4,-5,-3
2,54,7,8,8,1,1
2,55,8,7,7,-1,-1
2,56,1,4,3,3,2
2,57,1,5,4,4,3
2,58,2,1,1,-1,-1
2,59,2,5,4,3,2
2,60,6,6,6,0,0
2,61,8,8,8,0,0
2,62,5,8,7,3,2
2,63,4,1,2,-3,-2
2,64,7,2,4,-5,-3
2,65,2,2,2,0,0
2,66,7,2,4,-5,-3
2,67,3,4,4,1,1
2,68,8,4,5,-4,-3
2,69,3,5,4,2,1
2,70,7,7,7,0,0
2,71,8,2,4,-6,-4
2,72,4,3,3,-1,-1
2,73,8,1,3,-7,-5
2,74,5,5,5,0,0
2,75,1,7,5,6,4
2,76,6,5,5,-1,-1
2,77,6,8,7,2,1
2,78,6,3,4,-3,-2
2,79,4,8,7,4,3
2,80,8,4,5,-4,-3
2,81,6,5,5,-1,-1
2,82,3,1,2,-2,-1
2,83,5,6,6,1,1
2,84,3,7,6,4,3
2,85,8,6,7,-2,-1
2,86,2,7,5,5,3
2,87,8,3,4,-5,-4
2,88,3,2,2,-1,-1
2,89,4,6,5,2,1
2,90,1,5,4,4,3
2,91,3,8,6,5,3
2,92,7,1,3,-6,-4
2,93,2,1,1,-1,-1
2,94,6,1,2,-5,-4
2,95,8,8,8,0,0
2,96,1,2,2,1,1
2,97,6,3,4,-3,-2
2,98,7,6,6,-1,-1
2,99,3,8,6,5,3
2,100,1,7,5,6,4
2,101,7,7,7,0,0
2,102,1,7,5,6,4
2,103,7,5,6,-2,-1
2,104,1,2,2,1,1
2,105,7,4,5,-3,-2
2,106,6,1,2,-5,-4
2,107,3,8,6,5,3
2,108,8,5,6,-3,-2
2,109,3,3,3,0,0
2,110,8,5,6,-3,-2
2,111,7,6,6,-1,-1
2,112,5,7,6,2,1
2,113,7,4,5,-3,-2
2,114,7,6,6,-1,-1
2,115,2,4,3,2,1
2,116,3,3,3,0,0
2,117,7,8,8,1,1
2,118,6,3,4,-3,-2
2,119,7,1,3,-6,-4
2,120,6,4,5,-2,-1
2,121,7,5,6,-2,-1
2,122,2,1,1,-1,-1
2,123,6,3,4,-3,-2
2,124,1,2,2,1,1
2,125,8,6,7,-2,-1
2,126,4,5,5,1,1
2,127,2,3,3,1,1
2,128,5,4,4,-1,-1
2,129,8,7,7,-1,-1
2,130,5,3,4,-2,-1
2,131,1,2,2,1,1
2,132,3,4,4,1,1
2,133,6,1,2,-5,-4
2,134,7,7,7,0,0
2,135,4,4,4,0,0
2,136,2,2,2,0,0
2,137,3,7,6,4,3
2,138,1,7,5,6,4
2,139,1,4,3,3,2
2,140,1,1,1,0,0
2,141,5,3,4,-2,-1
2,142,5,5,5,0,0
2,143,3,5,4,2,1
2,144,6,4,5,-2,-1
2,145,1,4,3,3,2
2,146,6,7,7,1,1
2,147,8,6,7,-2,-1
2,148,4,4,4,0,0
2,149,6,5,5,-1,-1
2,150,8,7,7,-1,-1
2,151,6,1,2,-5,-4
2,152,8,2,4,-6,-4
2,153,7,2,4,-5,-3
3,1,2,3,3,1,1
3,2,2,3,3,1,1
3,3,1,8,6,7,5
3,4,2,8,6,6,4
3,5,5,3,4,-2,-1
3,6,1,3,2,2,1
3,7,7,5,6,-2,-1
3,8,8,3,4,-5,-4
3,9,1,8,6,7,5
3,10,6,4,5,-2,-1
3,11,1,1,1,0,0
3,12,7,6,6,-1,-1
3,13,8,7,7,-1,-1
3,14,1,8,6,7,5
3,15,7,3,4,-4,-3
3,16,3,1,2,-2,-1
3,17,4,7,6,3,2
3,18,3,7,6,4,3
3,19,1,3,2,2,1
3,20,8,4,5,-4,-3
3,21,5,2,3,-3,-2
3,22,4,2,3,-2,-1
3,23,4,2,3,-2,-1
3,24,2,1,1,-1,-1
3,25,1,6,4,5,3
3,26,8,7,7,-1,-1
3,27,5,2,3,-3,-2
3,28,2,6,5,4,3
3,29,2,5,4,3,2
3,30,7,7,7,0,0
3,31,8,6,7,-2,-1
3,32,4,1,2,-3,-2
3,33,8,3,4,-5,-4
3,34,8,3,4,-5,-4
3,35,4,2,3,-2,-1
3,36,2,5,4,3,2
3,37,4,8,7,4,3
3,38,7,7,7,0,0
3,39,1,4,3,3,2
3,40,2,5,4,3,2
3,41,8,7,7,-1,-1
3,42,3,1,2,-2,-1
3,43,1,6,4,5,3
3,44,4,6,5,2,1
3,45,5,7,6,2,1
3,46,7,4,5,-3,-2
3,47,3,7,6,4,3
3,48,3,8,6,5,3
3,49,2,8,6,6,4
3,50,6,8,7,2,1
3,51,3,6,5,3,2
3,52,7,1,3,-6,-4
3,53,8,1,3,-7,-5
3,54,8,1,3,-7,-5
3,55,4,6,5,2,1
3,56,1,5,4,4,3
3,57,4,7,6,3,2
3,58,1,2,2,1,1
3,59,1,4,3,3,2
3,60,1,5,4,4,3
3,61,7,2,4,-5,-3
3,62,7,1,3,-6,-4
3,63,2,8,6,6,4
3,64,2,7,5,5,3
3,65,3,1,2,-2,-1
3,66,4,5,5,1,1
3,67,4,4,4,0,0
3,68,8,7,7,-1,-1
3,69,3,4,4,1,1
3,70,7,8,8,1,1
3,71,5,5,5,0,0
3,72,2,8,6,6,4
3,73,8,1,3,-7,-5
3,74,8,8,8,0,0
3,75,4,4,4,0,0
3,76,7,7,7,0,0
3,77,2,4,3,2,1
3,78,3,3,3,0,0
3,79,8,4,5,-4,-3
3,80,2,8,6,6,4
3,81,6,6,6,0,0
3,82,8,2,4,-6,-4
3,83,3,4,4,1,1
3,84,8,3,4,-5,-4
3,85,2,8,6,6,4
3,86,4,8,7,4,3
3,87,4,6,5,2,1
3,88,3,5,4,2,1
3,89,6,6,6,0,0
3,90,1,6,4,5,3
3,91,1,3,2,2,1
3,92,6,5,5,-1,-1
3,93,5,4,4,-1,-1
3,94,4,5,5,1,1
3,95,7,1,3,-6,-4
3,96,7,5,6,-2,-1
3,97,6,5,5,-1,-1
3,98,1,3,2,2,1
3,99,3,5,4,2,1
3,100,8,5,6,-3,-2
3,101,6,3,4,-3,-2
3,102,3,8,6,5,3
3,103,5,2,3,-3,-2
3,104,1,3,2,2,1
3,105,8,2,4,-6,-4
3,106,6,8,7,2,1
3,107,6,1,2,-5,-4
3,108,8,8,8,0,0
3,109,8,4,5,-4,-3
3,110,8,4,5,-4,-3
3,111,7,3,4,-4,-3
3,112,3,7,6,4,3
3,113,3,8,6,5,3
3,114,4,1,2,-3,-2
3,115,5,4,4,-1,-1
3,116,1,4,3,3,2
3,117,8,2,4,-6,-4
3,118,5,5,5,0,0
3,119,5,8,7,3,2
3,120,1,1,1,0,0
3,121,7,3,4,-4,-3
3,122,4,1,2,-3,-2
3,123,6,4,5,-2,-1
3,124,8,5,6,-3,-2
3,125,2,2,2,0,0
3,126,1,5,4,4,3
3,127,4,2,3,-2,-1
3,128,7,2,4,-5,-3
3,129,5,2,3,-3,-2
3,130,5,1,2,-4,-3
3,131,7,5,6,-2,-1
3,132,2,4,3,2,1
3,133,4,1,2,-3,-2
3,134,2,4,3,2,1
3,135,5,1,2,-4,-3
3,136,8,8,8,0,0
3,137,3,6,5,3,2
3,138,4,6,5,2,1
3,139,8,2,4,-6,-4
3,140,3,5,4,2,1
3,141,3,1,2,-2,-1
3,142,6,4,5,-2,-1
3,143,6,8,7,2,1
3,144,2,3,3,1,1
3,145,4,8,7,4,3
3,146,8,3,4,-5,-4
3,147,8,1,3,-7,-5
3,148,6,8,7,2,1
3,149,1,6,4,5,3
3,150,3,1,2,-2,-1
3,151,2,2,2,0,0
3,152,3,4,4,1,1
3,153,5,2,3,-3,-2
4,1,7,7,7,0,0
4,2,1,4,3,3,2
4,3,7,2,4,-5,-3
4,4,6,5,5,-1,-1
4,5,8,3,4,-5,-4
4,6,6,3,4,-3,-2
4,7,8,7,7,-1,-1
4,8,1,8,6,7,5
4,9,3,7,6,4,3
4,10,8,4,5,-4,-3
4,11,8,8,8,0,0
4,12,5,5,5,0,0
4,13,1,8,6,7,5
4,14,4,1,2,-3,-2
4,15,2,8,6,6,4
4,16,8,7,7,-1,-1
4,17,4,5,5,1,1
4,18,5,4,4,-1,-1
4,19,4,1,2,-3,-2
4,20,1,2,2,1,1
4,21,7,4,5,-3,-2
4,22,2,8,6,6,4
4,23,3,2,2,-1,-1
4,24,5,7,6,2,1
4,25,3,5,4,2,1
4,26,5,8,7,3,2
4,27,5,5,5,0,0
4,28,7,4,5,-3,-2
4,29,5,5,5,0,0
4,30,5,5,5,0,0
4,31,1,4,3,3,2
4,32,3,3,3,0,0
4,33,1,4,3,3,2
4,34,6,5,5,-1,-1
4,35,5,5,5,0,0
4,36,5,8,7,3,2
4,37,2,2,2,0,0
4,38,7,7,7,0,0
4,39,6,8,7,2,1
4,40,5,8,7,3,2
4,41,8,2,4,-6,-4
4,42,7,8,8,1,1
4,43,2,4,3,2,1
4,44,5,2,3,-3,-2
4,45,3,7,6,4,3
4,46,5,5,5,0,0
4,47,5,3,4,-2,-1
4,48,8,6,7,-2,-1
4,49,6,4,5,-2,-1
4,50,2,7,5,5,3
4,51,7,5,6,-2,-1
4,52,1,5,4,4,3
4,53,1,3,2,2,1
4,54,1,5,4,4,3
4,55,1,1,1,0,0
4,56,8,3,4,-5,-4
4,57,5,3,4,-2,-1
4,58,5,1,2,-4,-3
4,59,5,2,3,-3,-2
4,60,6,3,4,-3,-2
4,61,5,4,4,-1,-1
4,62,1,6,4,5,3
4,63,1,1,1,0,0
4,64,1,8,6,7,5
4,65,4,7,6,3,2
4,66,5,3,4,-2,-1
4,67,2,6,5,4,3
4,68,4,6,5,2,1
4,69,7,6,6,-1,-1
4,70,6,5,5,-1,-1
4,71,6,8,7,2,1
4,72,4,7,6,3,2
4,73,6,1,2,-5,-4
4,74,6,3,4,-3,-2
4,75,3,3,3,0,0
4,76,8,5,6,-3,-2
4,77,3,8,6,5,3
4,78,8,4,5,-4,-3
4,79,3,2,2,-1,-1
4,80,3,8,6,5,3
4,81,5,2,3,-3,-2
4,82,1,6,4,5,3
4,83,2,3,3,1,1
4,84,4,5,5,1,1
4,85,5,6,6,1,1
4,86,8,7,7,-1,-1
4,87,3,2,2,-1,-1
4,88,5,6,6,1,1
4,89,4,1,2,-3,-2
4,90,1,4,3,3,2
4,91,4,3,3,-1,-1
4,92,8,8,8,0,0
4,93,8,1,3,-7,-5
4,94,4,8,7,4,3
4,95,1,6,4,5,3
4,96,4,4,4,0,0
4,97,6,8,7,2,1
4,98,4,1,2,-3,-2
4,99,8,5,6,-3,-2
4,100,2,6,5,4,3
4,101,6,6,6,0,0
4,102,5,3,4,-2,-1
4,103,8,3,4,-5,-4
4,104,1,6,4,5,3
4,105,4,8,7,4,3
4,106,7,6,6,-1,-1
4,107,1,3,2,2,1
4,108,5,7,6,2,1
4,109,2,1,1,-1,-1
4,110,8,6,7,-2,-1
4,111,1,5,4,4,3
4,112,2,7,5,5,3
4,113,3,3,3,0,0
4,114,6,6,6,0,0
4,115,7,8,8,1,1
4,116,1,3,2,2,1
4,117,4,7,6,3,2
4,118,7,3,4,-4,-3
4,119,4,1,2,-3,-2
4,120,2,3,3,1,1
4,121,7,7,7,0,0
4,122,2,8,6,6,4
4,123,1,7,5,6,4
4,124,1,6,4,5,3
4,125,2,2,2,0,0
4,126,6,4,5,-2,-1
4,127,5,6,6,1,1
4,128,1,3,2,2,1
4,129,7,3,4,-4,-3
4,130,1,3,2,2,1
4,131,6,6,6,0,0
4,132,6,4,5,-2,-1
4,133,4,3,3,-1,-1
4,134,6,1,2,-5,-4
4,135,5,1,2,-4,-3
4,136,4,4,4,0,0
4,137,5,7,6,2,1
4,138,7,6,6,-1,-1
4,139,4,4,4,0,0
4,140,1,3,2,2,1
4,141,6,6,6,0,0
4,142,4,8,7,4,3
4,143,7,3,4,-4,-3
4,144,6,1,2,-5,-4
4,145,2,3,3,1,1
4,146,2,4,3,2,1
4,147,1,3,2,2,1
4,148,2,7,5,5,3
4,149,1,5,4,4,3
4,150,5,7,6,2,1
4,151,1,5,4,4,3
4,152,4,6,5,2,1
4,153,4,4,4,0,0
5,1,5,3,4,-2,-1
5,2,7,4,5,-3,-2
5,3,2,3,3,1,1
5,4,3,8,6,5,3
5,5,4,5,5,1,1
5,6,3,8,6,5,3
5,7,2,4,3,2,1
5,8,2,3,3,1,1
5,9,3,7,6,4,3
5,10,5,1,2,-4,-3
5,11,7,8,8,1,1
5,12,6,7,7,1,1
5,13,1,5,4,4,3
5,14,8,5,6,-3,-2
5,15,3,7,6,4,3
5,16,8,6,7,-2,-1
5,17,3,7,6,4,3
5,18,7,1,3,-6,-4
5,19,5,6,6,1,1
5,20,7,4,5,-3,-2
5,21,8,2,4,-6,-4
5,22,1,2,2,1,1
5,23,8,3,4,-5,-4
5,24,3,2,2,-1,-1
5,25,5,1,2,-4,-3
5,26,7,8,8,1,1
5,27,7,1,3,-6,-4
5,28,7,6,6,-1,-1
5,29,7,5,6,-2,-1
5,30,7,8,8,1,1
5,31,7,1,3,-6,-4
5,32,4,3,3,-1,-1
5,33,2,1,1,-1,-1
5,34,1,6,4,5,3
5,35,8,8,8,0,0
5,36,6,1,2,-5,-4
5,37,1,4,3,3,2
5,38,8,2,4,-6,-4
5,39,8,3,4,-5,-4
5,40,8,5,6,-3,-2
5,41,3,8,6,5,3
5,42,4,3,3,-1,-1
5,43,2,2,2,0,0
5,44,6,4,5,-2,-1
5,45,1,3,2,2,1
5,46,8,8,8,0,0
5,47,4,1,2,-3,-2
5,48,4,6,5,2,1
5,49,3,8,6,5,3
5,50,4,2,3,-2,-1
5,51,3,3,3,0,0
5,52,1,4,3,3,2
5,53,2,7,5,5,3
5,54,3,3,3,0,0
5,55,7,1,3,-6,-4
5,56,2,1,1,-1,-1
5,57,2,7,5,5,3
5,58,6,2,3,-4,-3
5,59,7,4,5,-3,-2
5,60,8,7,7,-1,-1
5,61,8,5,6,-3,-2
5,62,3,2,2,-1,-1
5,63,8,8,8,0,0
5,64,8,8,8,0,0
5,65,7,3,4,-4,-3
5,66,1,7,5,6,4
5,67,1,2,2,1,1
5,68,1,7,5,6,4
5,69,1,4,3,3,2
5,70,5,1,2,-4,-3
5,71,3,1,2,-2,-1
5,72,1,7,5,6,4
5,73,1,1,1,0,0
5,74,7,3,4,-4,-3
5,75,6,4,5,-2,-1
5,76,1,7,5,6,4
5,77,3,1,2,-2,-1
5,78,3,4,4,1,1
5,79,2,6,5,4,3
5,80,1,2,2,1,1
5,81,1,3,2,2,1
5,82,7,6,6,-1,-1
5,83,8,3,4,-5,-4
5,84,8,7,7,-1,-1
5,85,5,1,2,-4,-3
5,86,5,5,5,0,0
5,87,1,8,6,7,5
5,88,6,6,6,0,0
5,89,8,3,4,-5,-4
5,90,5,8,7,3,2
5,91,4,7,6,3,2
5,92,3,3,3,0,0
5,93,6,8,7,2,1
5,94,4,2,3,-2,-1
5,95,1,1,1,0,0
5,96,1,5,4,4,3
5,97,7,4,5,-3,-2
5,98,7,5,6,-2,-1
5,99,8,8,8,0,0
5,100,5,1,2,-4,-3
5,101,7,1,3,-6,-4
5,102,8,1,3,-7,-5
5,103,7,2,4,-5,-3
5,104,5,8,7,3,2
5,105,2,1,1,-1,-1
5,106,3,6,5,3,2
5,107,2,7,5,5,3
5,108,3,6,5,3,2
5,109,6,4,5,-2,-1
5,110,1,5,4,4,3
5,111,2,3,3,1,1
5,112,6,8,7,2,1
5,113,2,3,3,1,1
5,114,6,3,4,-3,-2
5,115,5,8,7,3,2
5,116,5,5,5,0,0
5,117,6,8,7,2,1
5,118,2,3,3,1,1
5,119,1,4,3,3,2
5,120,2,6,5,4,3
5,121,6,3,4,-3,-2
5,122,4,4,4,0,0
5,123,5,2,3,-3,-2
5,124,3,4,4,1,1
5,125,3,2,2,-1,-1
5,126,2,7,5,5,3
5,127,5,5,5,0,0
5,128,4,8,7,4,3
5,129,7,6,6,-1,-1
5,130,7,6,6,-1,-1
5,131,8,8,8,0,0
5,132,5,7,6,2,1
5,133,3,7,6,4,3
5,134,4,6,5,2,1
5,135,2,7,5,5,3
5,136,8,4,5,-4,-3
5,137,7,1,3,-6,-4
5,138,2,8,6,6,4
5,139,2,3,3,1,1
5,140,1,6,4,5,3
5,141,2,5,4,3,2
5,142,8,7,7,-1,-1
5,143,8,7,7,-1,-1
5,144,7,1,3,-6,-4
5,145,5,6,6,1,1
5,146,5,6,6,1,1
5,147,4,1,2,-3,-2
5,148,3,4,4,1,1
5,149,4,3,3,-1,-1
5,150,1,1,1,0,0
5,151,4,5,5,1,1
5,152,6,8,7,2,1
5,153,4,1,2,-3,-2
6,1,4,6,5,2,1
6,2,4,7,6,3,2
6,3,6,5,5,-1,-1
6,4,2,7,5,5,3
6,5,4,2,3,-2,-1
6,6,6,5,5,-1,-1
6,7,8,5,6,-3,-2
6,8,2,5,4,3,2
6,9,4,6,5,2,1
6,10,1,5,4,4,3
6,11,4,7,6,3,2
6,12,6,3,4,-3,-2
6,13,2,6,5,4,3
6,14,5,3,4,-2,-1
6,15,7,1,3,-6,-4
6,16,7,7,7,0,0
6,17,4,6,5,2,1
6,18,3,6,5,3,2
6,19,8,7,7,-1,-1
6,20,6,3,4,-3,-2
6,21,8,7,7,-1,-1
6,22,6,7,7,1,1
6,23,8,2,4,-6,-4
6,24,4,6,5,2,1
6,25,2,7,5,5,3
6,26,7,2,4,-5,-3
6,27,3,3,3,0,0
6,28,6,4,5,-2,-1
6,29,6,1,2,-5,-4
6,30,7,8,8,1,1
6,31,1,5,4,4,3
6,32,2,5,4,3,2
6,33,1,1,1,0,0
6,34,4,3,3,-1,-1
6,35,3,6,5,3,2
6,36,2,2,2,0,0
6,37,8,8,8,0,0
6,38,4,7,6,3,2
6,39,5,2,3,-3,-2
6,40,1,5,4,4,3
6,41,5,7,6,2,1
6,42,4,4,4,0,0
6,43,8,4,5,-4,-3
6,44,8,5,6,-3,-2
6,45,3,6,5,3,2
6,46,5,2,3,-3,-2
6,47,8,8,8,0,0
6,48,1,8,6,7,5
6,49,7,6,6,-1,-1
6,50,4,8,7,4,3
6,51,7,4,5,-3,-2
6,52,4,4,4,0,0
6,53,2,6,5,4,3
6,54,5,4,4,-1,-1
6,55,1,3,2,2,1
6,56,5,5,5,0,0
6,57,7,4,5,-3,-2
6,58,3,2,2,-1,-1
6,59,8,3,4,-5,-4
6,60,4,8,7,4,3
6,61,7,5,6,-2,-1
6,62,8,4,5,-4,-3
6,63,7,5,6,-2,-1
6,64,3,2,2,-1,-1
6,65,4,5,5,1,1
6,66,2,7,5,5,3
6,67,1,4,3,3,2
6,68,2,4,3,2,1
6,69,2,7,5,5,3
6,70,7,5,6,-2,-1
6,71,5,4,4,-1,-1
6,72,5,1,2,-4,-3
6,73,2,3,3,1,1
6,74,4,2,3,-2,-1
6,75,8,6,7,-2,-1
6,76,2,3,3,1,1
6,77,1,2,2,1,1
6,78,7,2,4,-5,-3
6,79,2,2,2,0,0
6,80,5,8,7,3,2
6,81,8,5,6,-3,-2
6,82,6,3,4,-3,-2
6,83,7,6,6,-1,-1
6,84,2,3,3,1,1
6,85,7,8,8,1,1
6,86,2,5,4,3,2
6,87,2,5,4,3,2
6,88,7,7,7,0,0
6,89,5,8,7,3,2
6,90,1,8,6,7,5
6,91,4,7,6,3,2
6,92,5,7,6,2,1
6,93,7,8,8,1,1
6,94,7,7,7,0,0
6,95,1,3,2,2,1
6,96,5,1,2,-4,-3
6,97,7,2,4,-5,-3
6,98,6,5,5,-1,-1
6,99,4,7,6,3,2
6,100,7,7,7,0,0
6,101,2,7,5,5,3
6,102,1,5,4,4,3
6,103,1,4,3,3,2
6,104,8,2,4,-6,-4
6,105,5,1,2,-4,-3
6,106,7,7,7,0,0
6,107,4,7,6,3,2
6,108,6,3,4,-3,-2
6,109,5,6,6,1,1
6,110,3,5,4,2,1
6,111,5,7,6,2,1
6,112,4,7,6,3,2
6,113,4,3,3,-1,-1
6,114,5,1,2,-4,-3
6,115,2,3,3,1,1
6,116,6,8,7,2,1
6,117,4,8,7,4,3
6,118,6,3,4,-3,-2
6,119,6,6,6,0,0
6,120,6,4,5,-2,-1
6,121,8,1,3,-7,-5
6,122,5,6,6,1,1
6,123,1,8,6,7,5
6,124,8,1,3,-7,-5
6,125,4,6,5,2,1
6,126,5,7,6,2,1
6,127,5,2,3,-3,-2
6,128,3,7,6,4,3
6,129,1,2,2,1,1
6,130,1,5,4,4,3
6,131,4,8,7,4,3
6,132,5,2,3,-3,-2
6,133,2,2,2,0,0
6,134,7,7,7,0,0
6,135,3,7,6,4,3
6,136,1,1,1,0,0
6,137,2,1,1,-1,-1
6,138,4,5,5,1,1
6,139,4,8,7,4,3
6,140,8,4,5,-4,-3
6,141,3,8,6,5,3
6,142,6,2,3,-4,-3
6,143,3,7,6,4,3
6,144,4,5,5,1,1
6,145,4,6,5,2,1
6,146,4,4,4,0,0
6,147,2,8,6,6,4
6,148,5,1,2,-4,-3
6,149,4,1,2,-3,-2
6,150,2,6,5,4,3
6,151,7,5,6,-2,-1
6,152,4,8,7,4,3
6,153,6,6,6,0,0
7,1,3,5,4,2,1
7,2,7,5,6,-2,-1
7,3,4,5,5,1,1
7,4,7,6,6,-1,-1
7,5,3,6,5,3,2
7,6,1,7,5,6,4
7,7,4,8,7,4,3
7,8,6,3,4,-3,-2
7,9,8,7,7,-1,-1
7,10,1,8,6,7,5
7,11,6,3,4,-3,-2
7,12,1,8,6,7,5
7,13,3,7,6,4,3
7,14,3,1,2,-2,-1
7,15,1,6,4,5,3
7,16,8,4,5,-4,-3
7,17,3,4,4,1,1
7,18,6,2,3,-4,-3
7,19,4,7,6,3,2
7,20,8,6,7,-2,-1
7,21,3,4,4,1,1
7,22,5,7,6,2,1
7,23,3,1,2,-2,-1
7,24,5,3,4,-2,-1
7,25,4,2,3,-2,-1
7,26,4,4,4,0,0
7,27,8,1,3,-7,-5
7,28,5,6,6,1,1
7,29,6,2,3,-4,-3
7,30,8,4,5,-4,-3
7,31,4,3,3,-1,-1
7,32,2,1,1,-1,-1
7,33,5,1,2,-4,-3
7,34,4,6,5,2,1
7,35,2,1,1,-1,-1
7,36,8,8,8,0,0
7,37,1,4,3,3,2
7,38,2,3,3,1,1
7,39,8,1,3,-7,-5
7,40,7,8,8,1,1
7,41,7,2,4,-5,-3
7,42,4,8,7,4,3
7,43,5,4,4,-1,-1
7,44,6,8,7,2,1
7,45,2,8,6,6,4
7,46,3,5,4,2,1
7,47,8,1,3,-7,-5
7,48,4,2,3,-2,-1
7,49,7,4,5,-3,-2
7,50,5,6,6,1,1
7,51,5,7,6,2,1
7,52,3,7,6,4,3
7,53,5,5,5,0,0
7,54,5,6,6,1,1
7,55,5,8,7,3,2
7,56,6,5,5,-1,-1
7,57,5,7,6,2,1
7,58,7,2,4,-5,-3
7,59,6,7,7,1,1
7,60,7,2,4,-5,-3
7,61,2,5,4,3,2
7,62,6,2,3,-4,-3
7,63,8,2,4,-6,-4
7,64,5,3,4,-2,-1
7,65,1,7,5,6,4
7,66,3,7,6,4,3
7,67,3,4,4,1,1
7,68,4,6,5,2,1
7,69,6,7,7,1,1
7,70,8,4,5,-4,-3
7,71,2,2,2,0,0
7,72,7,8,8,1,1
7,73,3,8,6,5,3
7,74,4,6,5,2,1
7,75,2,1,1,-1,-1
7,76,3,4,4,1,1
7,77,2,2,2,0,0
7,78,6,4,5,-2,-1
7,79,7,2,4,-5,-3
7,80,8,5,6,-3,-2
7,81,8,8,8,0,0
7,82,5,3,4,-2,-1
7,83,1,3,2,2,1
7,84,3,6,5,3,2
7,85,7,6,6,-1,-1
7,86,4,1,2,-3,-2
7,87,1,6,4,5,3
7,88,8,5,6,-3,-2
7,89,5,5,5,0,0
7,90,1,5,4,4,3
7,91,8,6,7,-2,-1
7,92,5,3,4,-2,-1
7,93,8,3,4,-5,-4
7,94,4,5,5,1,1
7,95,2,7,5,5,3
7,96,6,5,5,-1,-1
7,97,1,3,2,2,1
7,98,6,2,3,-4,-3
7,99,4,6,5,2,1
7,100,3,2,2,-1,-1
7,101,7,6,6,-1,-1
7,102,4,5,5,1,1
7,103,6,4,5,-2,-1
7,104,8,8,8,0,0
7,105,5,3,4,-2,-1
7,106,5,5,5,0,0
7,107,7,3,4,-4,-3
7,108,7,1,3,-6,-4
7,109,2,6,5,4,3
7,110,3,4,4,1,1
7,111,7,4,5,-3,-2
7,112,3,2,2,-1,-1
7,113,2,8,6,6,4
7,114,5,8,7,3,2
7,115,5,5,5,0,0
7,116,3,5,4,2,1
7,117,1,7,5,6,4
7,118,5,3,4,-2,-1
7,119,7,5,6,-2,-1
7,120,6,6,6,0,0
7,121,4,5,5,1,1
7,122,6,8,7,2,1
7,123,7,8,8,1,1
7,124,5,3,4,-2,-1
7,125,2,6,5,4,3
7,126,2,5,4,3,2
7,127,7,5,6,-2,-1
7,128,1,4,3,3,2
7,129,5,2,3,-3,-2
7,130,6,2,3,-4,-3
7,131,8,6,7,-2,-1
7,132,2,5,4,3,2
7,133,5,8,7,3,2
7,134,6,8,7,2,1
7,135,2,8,6,6,4
7,136,8,3,4,-5,-4
7,137,7,6,6,-1,-1
7,138,1,7,5,6,4
7,139,8,5,6,-3,-2
7,140,1,6,4,5,3
7,141,3,3,3,0,0
7,142,4,6,5,2,1
7,143,4,5,5,1,1
7,144,7,7,7,0,0
7,145,1,3,2,2,1
7,146,4,8,7,4,3
7,147,4,8,7,4,3
7,148,2,4,3,2,1
7,149,7,4,5,-3,-2
7,150,7,5,6,-2,-1
7,151,6,5,5,-1,-1
7,152,6,5,5,-1,-1
7,153,3,2,2,-1,-1
8,1,8,3,4,-5,-4
8,2,7,8,8,1,1
8,3,7,2,4,-5,-3
8,4,3,1,2,-2,-1
8,5,3,4,4,1,1
8,6,3,5,4,2,1
8,7,6,1,2,-5,-4
8,8,7,3,4,-4,-3
8,9,2,2,2,0,0
8,10,2,5,4,3,2
8,11,4,2,3,-2,-1
8,12,2,8,6,6,4
8,13,4,1,2,-3,-2
8,14,7,5,6,-2,-1
8,15,3,4,4,1,1
8,16,3,6,5,3,2
8,17,4,5,5,1,1
8,18,4,2,3,-2,-1
8,19,4,8,7,4,3
8,20,1,7,5,6,4
8,21,6,1,2,-5,-4
8,22,4,7,6,3,2
8,23,2,6,5,4,3
8,24,4,8,7,4,3
8,25,1,6,4,5,3
8,26,8,6,7,-2,-1
8,27,1,1,1,0,0
8,28,7,3,4,-4,-3
8,29,6,7,7,1,1
8,30,8,2,4,-6,-4
8,31,5,3,4,-2,-1
8,32,7,2,4,-5,-3
8,33,8,7,7,-1,-1
8,34,7,8,8,1,1
8,35,1,2,2,1,1
8,36,8,4,5,-4,-3
8,37,3,5,4,2,1
8,38,8,8,8,0,0
8,39,2,2,2,0,0
8,40,4,6,5,2,1
8,41,4,1,2,-3,-2
8,42,7,3,4,-4,-3
8,43,3,4,4,1,1
8,44,1,1,1,0,0
8,45,7,2,4,-5,-3
8,46,3,8,6,5,3
8,47,2,3,3,1,1
8,48,1,5,4,4,3
8,49,8,3,4,-5,-4
8,50,4,4,4,0,0
8,51,6,5,5,-1,-1
8,52,2,3,3,1,1
8,53,7,4,5,-3,-2
8,54,5,4,4,-1,-1
8,55,6,3,4,-3,-2
8,56,5,5,5,0,0
8,57,2,2,2,0,0
8,58,3,5,4,2,1
8,59,2,6,5,4,3
8,60,2,4,3,2,1
8,61,7,6,6,-1,-1
8,62,5,7,6,2,1
8,63,3,2,2,-1,-1
8,64,1,5,4,4,3
8,65,6,6,6,0,0
8,66,7,8,8,1,1
8,67,6,1,2,-5,-4
8,68,7,3,4,-4,-3
8,69,7,3,4,-4,-3
8,70,1,1,1,0,0
8,71,3,1,2,-2,-1
8,72,2,2,2,0,0
8,73,8,8,8,0,0
8,74,5,3,4,-2,-1
8,75,6,3,4,-3,-2
8,76,1,4,3,3,2
8,77,7,3,4,-4,-3
8,78,3,8,6,5,3
8,79,5,6,6,1,1
8,80,7,6,6,-1,-1
8,81,3,4,4,1,1
8,82,8,5,6,-3,-2
8,83,8,1,3,-7,-5
8,84,8,7,7,-1,-1
8,85,1,8,6,7,5
8,86,8,3,4,-5,-4
8,87,1,8,6,7,5
8,88,3,5,4,2,1
8,89,4,4,4,0,0
8,90,5,8,7,3,2
8,91,8,1,3,-7,-5
8,92,3,6,5,3,2
8,93,6,2,3,-4,-3
8,94,5,3,4,-2,-1
8,95,8,4,5,-4,-3
8,96,4,2,3,-2,-1
8,97,6,8,7,2,1
8,98,7,5,6,-2,-1
8,99,6,1,2,-5,-4
8,100,3,8,6,5,3
8,101,3,7,6,4,3
8,102,8,8,8,0,0
8,103,2,4,3,2,1
8,104,5,4,4,-1,-1
8,105,4,2,3,-2,-1
8,106,6,2,3,-4,-3
8,107,3,2,2,-1,-1
8,108,1,2,2,1,1
8,109,7,6,6,-1,-1
8,110,7,5,6,-2,-1
8,111,5,2,3,-3,-2
8,112,2,7,5,5,3
8,113,8,5,6,-3,-2
8,114,4,2,3,-2,-1
8,115,4,3,3,-1,-1
8,116,2,1,1,-1,-1
8,117,8,7,7,-1,-1
8,118,2,2,2,0,0
8,119,8,5,6,-3,-2
8,120,7,7,7,0,0
8,121,7,1,3,-6,-4
8,122,7,1,3,-6,-4
8,123,3,5,4,2,1
8,124,7,2,4,-5,-3
8,125,5,2,3,-3,-2
8,126,1,8,6,7,5
8,127,2,1,1,-1,-1
8,128,5,4,4,-1,-1
8,129,3,1,2,-2,-1
8,130,3,5,4,2,1
8,131,7,3,4,-4,-3
8,132,6,7,7,1,1
8,133,6,6,6,0,0
8,134,1,8,6,7,5
8,135,5,7,6,2,1
8,136,1,6,4,5,3
8,137,1,7,5,6,4
8,138,5,6,6,1,1
8,139,5,7,6,2,1
8,140,2,3,3,1,1
8,141,8,7,7,-1,-1
8,142,8,8,8,0,0
8,143,5,1,2,-4,-3
8,144,2,6,5,4,3
8,145,8,1,3,-7,-5
8,146,2,3,3,1,1
8,147,1,5,4,4,3
8,148,2,4,3,2,1
8,149,1,5,4,4,3
8,150,6,6,6,0,0
8,151,7,3,4,-4,-3
8,152,5,5,5,0,0
8,153,7,1,3,-6,-4
9,1,6,1,2,-5,-4
9,2,7,6,6,-1,-1
9,3,2,3,3,1,1
9,4,5,6,6,1,1
9,5,2,2,2,0,0
9,6,7,8,8,1,1
9,7,6,5,5,-1,-1
9,8,4,3,3,-1,-1
9,9,5,8,7,3,2
9,10,6,1,2,-5,-4
9,11,3,7,6,4,3
9,12,5,5,5,0,0
9,13,8,3,4,-5,-4
9,14,4,8,7,4,3
9,15,4,4,4,0,0
9,16,8,5,6,-3,-2
9,17,7,3,4,-4,-3
9,18,5,7,6,2,1
9,19,3,8,6,5,3
9,20,7,1,3,-6,-4
9,21,1,4,3,3,2
9,22,1,7,5,6,4
9,23,5,5,5,0,0
9,24,3,6,5,3,2
9,25,5,7,6,2,1
9,26,8,3,4,-5,-4
9,27,4,4,4,0,0
9,28,2,4,3,2,1
9,29,6,1,2,-5,-4
9,30,5,4,4,-1,-1
9,31,5,6,6,1,1
9,32,8,6,7,-2,-1
9,33,6,2,3,-4,-3
9,34,7,6,6,-1,-1
9,35,2,2,2,0,0
9,36,7,2,4,-5,-3
9,37,4,1,2,-3,-2
9,38,8,8,8,0,0
9,39,3,2,2,-1,-1
9,40,2,2,2,0,0
9,41,8,2,4,-6,-4
9,42,8,2,4,-6,-4
9,43,1,7,5,6,4
9,44,6,2,3,-4,-3
9,45,8,3,4,-5,-4
9,46,3,6,5,3,2
9,47,8,1,3,-7,-5
9,48,4,7,6,3,2
9,49,5,1,2,-4,-3
9,50,4,2,3,-2,-1
9,51,4,1,2,-3,-2
9,52,3,1,2,-2,-1
9,53,6,2,3,-4,-3
9,54,8,7,7,-1,-1
9,55,4,3,3,-1,-1
9,56,5,3,4,-2,-1
9,57,6,2,3,-4,-3
9,58,6,6,6,0,0
9,59,4,6,5,2,1
9,60,5,1,2,-4,-3
9,61,6,5,5,-1,-1
9,62,8,4,5,-4,-3
9,63,4,6,5,2,1
9,64,6,2,3,-4,-3
9,65,4,2,3,-2,-1
9,66,1,8,6,7,5
9,67,7,7,7,0,0
9,68,5,8,7,3,2
9,69,6,3,4,-3,-2
9,70,5,5,5,0,0
9,71,1,5,4,4,3
9,72,2,1,1,-1,-1
9,73,1,8,6,7,5
9,74,2,4,3,2,1
9,75,2,5,4,3,2
9,76,2,1,1,-1,-1
9,77,7,8,8,1,1
9,78,6,5,5,-1,-1
9,79,5,3,4,-2,-1
9,80,8,8,8,0,0
9,81,1,7,5,6,4
9,82,6,8,7,2,1
9,83,2,5,4,3,2
9,84,7,7,7,0,0
9,85,2,1,1,-1,-1
9,86,6,1,2,-5,-4
9,87,6,5,5,-1,-1
9,88,5,4,4,-1,-1
9,89,7,3,4,-4,-3
9,90,3,5,4,2,1
9,91,3,5,4,2,1
9,92,1,1,1,0,0
9,93,7,3,4,-4,-3
9,94,3,4,4,1,1
9,95,1,1,1,0,0
9,96,5,7,6,2,1
9,97,7,1,3,-6,-4
9,98,1,4,3,3,2
9,99,1,6,4,5,3
9,100,5,5,5,0,0
9,101,2,2,2,0,0
9,102,5,2,3,-3,-2
9,103,4,6,5,2,1
9,104,3,5,4,2,1
9,105,8,4,5,-4,-3
9,106,6,1,2,-5,-4
9,107,2,6,5,4,3
9,108,6,6,6,0,0
9,109,5,8,7,3,2
9,110,2,6,5,4,3
9,111,6,6,6,0,0
9,112,8,2,4,-6,-4
9,113,3,1,2,-2,-1
9,114,3,2,2,-1,-1
9,115,5,3,4,-2,-1
9,116,6,3,4,-3,-2
9,117,3,3,3,0,0
9,118,5,4,4,-1,-1
9,119,5,6,6,1,1
9,120,6,5,5,-1,-1
9,121,7,4,5,-3,-2
9,122,8,1,3,-7,-5
9,123,6,3,4,-3,-2
9,124,6,7,7,1,1
9,125,3,4,4,1,1
9,126,8,2,4,-6,-4
9,127,2,7,5,5,3
9,128,1,1,1,0,0
9,129,2,7,5,5,3
9,130,1,3,2,2,1
9,131,4,1,2,-3,-2
9,132,7,4,5,-3,-2
9,133,8,7,7,-1,-1
9,134,6,1,2,-5,-4
9,135,8,3,4,-5,-4
9,136,3,4,4,1,1
9,137,7,3,4,-4,-3
9,138,6,4,5,-2,-1
9,139,6,3,4,-3,-2
9,140,1,2,2,1,1
9,141,5,2,3,-3,-2
9,142,5,1,2,-4,-3
9,143,8,8,8,0,0
9,144,7,7,7,0,0
9,145,8,5,6,-3,-2
9,146,4,6,5,2,1
9,147,7,4,5,-3,-2
9,148,3,1,2,-2,-1
9,149,1,4,3,3,2
9,150,2,7,5,5,3
9,151,7,7,7,0,0
9,152,8,1,3,-7,-5
9,153,5,4,4,-1,-1
10,1,5,2,3,-3,-2
10,2,4,2,3,-2,-1
10,3,3,3,3,0,0
10,4,8,4,5,-4,-3
10,5,7,3,4,-4,-3
10,6,4,8,7,4,3
10,7,4,7,6,3,2
10,8,6,4,5,-2,-1
10,9,2,6,5,4,3
10,10,5,2,3,-3,-2
10,11,2,4,3,2,1
10,12,1,1,1,0,0
10,13,5,6,6,1,1
10,14,7,5,6,-2,-1
10,15,4,1,2,-3,-2
10,16,3,4,4,1,1
10,17,2,5,4,3,2
10,18,4,5,5,1,1
10,19,6,4,5,-2,-1
10,20,1,6,4,5,3
10,21,2,7,5,5,3
10,22,4,3,3,-1,-1
10,23,7,4,5,-3,-2
10,24,4,8,7,4,3
10,25,7,6,6,-1,-1
10,26,3,3,3,0,0
10,27,6,1,2,-5,-4
10,28,6,4,5,-2,-1
10,29,7,1,3,-6,-4
10,30,8,7,7,-1,-1
10,31,7,7,7,0,0
10,32,3,8,6,5,3
10,33,5,3,4,-2,-1
10,34,1,3,2,2,1
10,35,5,5,5,0,0
10,36,2,1,1,-1,-1
10,37,8,6,7,-2,-1
10,38,4,7,6,3,2
10,39,3,3,3,0,0
10,40,2,6,5,4,3
10,41,3,7,6,4,3
10,42,2,8,6,6,4
10,43,5,5,5,0,0
10,44,2,8,6,6,4
10,45,2,6,5,4,3
10,46,2,1,1,-1,-1
10,47,8,7,7,-1,-1
10,48,6,4,5,-2,-1
10,49,5,1,2,-4,-3
10,50,6,3,4,-3,-2
10,51,4,1,2,-3,-2
10,52,1,8,6,7,5
10,53,6,5,5,-1,-1
10,54,4,8,7,4,3
10,55,8,6,7,-2,-1
10,56,1,3,2,2,1
10,57,4,1,2,-3,-2
10,58,2,3,3,1,1
10,59,7,6,6,-1,-1
10,60,7,1,3,-6,-4
10,61,7,2,4,-5,-3
10,62,7,3,4,-4,-3
10,63,6,7,7,1,1
10,64,8,1,3,-7,-5
10,65,4,7,6,3,2
10,66,4,7,6,3,2
10,67,3,7,6,4,3
10,68,3,1,2,-2,-1
10,69,5,3,4,-2,-1
10,70,3,4,4,1,1
10,71,2,3,3,1,1
10,72,7,2,4,-5,-3
10,73,3,3,3,0,0
10,74,7,1,3,-6,-4
10,75,6,7,7,1,1
10,76,3,4,4,1,1
10,77,1,4,3,3,2
10,78,3,1,2,-2,-1
10,79,4,1,2,-3,-2
10,80,5,7,6,2,1
10,81,4,7,6,3,2
10,82,7,6,6,-1,-1
10,83,4,6,5,2,1
10,84,8,1,3,-7,-5
10,85,2,8,6,6,4
10,86,2,3,3,1,1
10,87,5,6,6,1,1
10,88,2,7,5,5,3
10,89,2,1,1,-1,-1
10,90,6,2,3,-4,-3
10,91,1,1,1,0,0
10,92,3,8,6,5,3
10,93,8,4,5,-4,-3
10,94,7,1,3,-6,-4
10,95,1,6,4,5,3
10,96,8,8,8,0,0
10,97,5,3,4,-2,-1
10,98,4,7,6,3,2
10,99,6,7,7,1,1
10,100,4,1,2,-3,-2
10,101,7,4,5,-3,-2
10,102,7,4,5,-3,-2
10,103,3,2,2,-1,-1
10,104,7,7,7,0,0
10,105,3,8,6,5,3
10,106,5,3,4,-2,-1
10,107,2,5,4,3,2
10,108,2,2,2,0,0
10,109,4,5,5,1,1
10,110,5,5,5,0,0
10,111,5,3,4,-2,-1
10,112,2,8,6,6,4
10,113,7,3,4,-4,-3
10,114,4,6,5,2,1
10,115,8,5,6,-3,-2
10,116,2,2,2,0,0
10,117,1,2,2,1,1
10,118,4,1,2,-3,-2
10,119,5,1,2,-4,-3
10,120,6,8,7,2,1
10,121,8,7,7,-1,-1
10,122,3,1,2,-2,-1
10,123,5,4,4,-1,-1
10,124,5,5,5,0,0
10,125,5,8,7,3,2
10,126,1,1,1,0,0
10,127,5,5,5,0,0
10,128,8,4,5,-4,-3
10,129,7,7,7,0,0
10,130,8,3,4,-5,-4
10,131,6,1,2,-5,-4
10,132,1,6,4,5,3
10,133,5,7,6,2,1
10,134,8,7,7,-1,-1
10,135,5,1,2,-4,-3
10,136,7,1,3,-6,-4
10,137,3,7,6,4,3
10,138,8,2,4,-6,-4
10,139,7,6,6,-1,-1
10,140,3,1,2,-2,-1
10,141,8,4,5,-4,-3
10,142,8,8,8,0,0
10,143,7,3,4,-4,-3
10,144,6,8,7,2,1
10,145,4,6,5,2,1
10,146,1,4,3,3,2
10,147,2,6,5,4,3
10,148,4,4,4,0,0
10,149,4,8,7,4,3
10,150,8,8,8,0,0
10,151,4,5,5,1,1
10,152,6,5,5,-1,-1
10,153,6,1,2,-5,-4
11,1,5,5,5,0,0
11,2,4,5,5,1,1
11,3,4,5,5,1,1
11,4,1,3,2,2,1
11,5,4,7,6,3,2
11,6,4,1,2,-3,-2
11,7,4,2,3,-2,-1
11,8,5,5,5,0,0
11,9,8,8,8,0,0
11,10,5,8,7,3,2
11,11,2,3,3,1,1
11,12,1,8,6,7,5
11,13,4,1,2,-3,-2
11,14,3,6,5,3,2
11,15,1,6,4,5,3
11,16,5,5,5,0,0
11,17,8,4,5,-4,-3
11,18,4,8,7,4,3
11,19,7,2,4,-5,-3
11,20,6,2,3,-4,-3
11,21,4,8,7,4,3
11,22,4,8,7,4,3
11,23,4,4,4,0,0
11,24,5,5,5,0,0
11,25,1,8,6,7,5
11,26,8,1,3,-7,-5
11,27,2,6,5,4,3
11,28,8,4,5,-4,-3
11,29,3,4,4,1,1
11,30,3,1,2,-2,-1
11,31,3,8,6,5,3
11,32,2,5,4,3,2
11,33,8,8,8,0,0
11,34,3,6,5,3,2
11,35,6,8,7,2,1
11,36,7,7,7,0,0
11,37,5,6,6,1,1
11,38,8,3,4,-5,-4
11,39,6,2,3,-4,-3
11,40,3,2,2,-1,-1
11,41,6,4,5,-2,-1
11,42,6,1,2,-5,-4
11,43,6,3,4,-3,-2
11,44,3,5,4,2,1
11,45,7,5,6,-2,-1
11,46,7,4,5,-3,-2
11,47,2,7,5,5,3
11,48,7,5,6,-2,-1
11,49,8,6,7,-2,-1
11,50,5,8,7,3,2
11,51,7,2,4,-5,-3
11,52,6,3,4,-3,-2
11,53,5,3,4,-2,-1
11,54,5,7,6,2,1
11,55,4,1,2,-3,-2
11,56,4,3,3,-1,-1
11,57,8,1,3,-7,-5
11,58,3,2,2,-1,-1
11,59,8,2,4,-6,-4
11,60,7,1,3,-6,-4
11,61,3,1,2,-2,-1
11,62,1,6,4,5,3
11,63,5,6,6,1,1
11,64,6,2,3,-4,-3
11,65,6,2,3,-4,-3
11,66,3,7,6,4,3
11,67,8,8,8,0,0
11,68,3,7,6,4,3
11,69,7,1,3,-6,-4
11,70,8,8,8,0,0
11,71,3,8,6,5,3
11,72,8,6,7,-2,-1
11,73,7,6,6,-1,-1
11,74,6,7,7,1,1
11,75,2,1,1,-1,-1
11,76,4,7,6,3,2
11,77,8,7,7,-1,-1
11,78,1,5,4,4,3
11,79,2,6,5,4,3
11,80,7,3,4,-4,-3
11,81,8,7,7,-1,-1
11,82,7,2,4,-5,-3
11,83,5,1,2,-4,-3
11,84,2,7,5,5,3
11,85,7,7,7,0,0
11,86,4,7,6,3,2
11,87,1,5,4,4,3
11,88,8,4,5,-4,-3
11,89,1,1,1,0,0
11,90,4,5,5,1,1
11,91,6,5,5,-1,-1
11,92,4,1,2,-3,-2
11,93,6,8,7,2,1
11,94,5,5,5,0,0
11,95,2,5,4,3,2
11,96,5,5,5,0,0
11,97,8,6,7,-2,-1
11,98,7,5,6,-2,-1
11,99,3,1,2,-2,-1
11,100,8,5,6,-3,-2
11,101,7,4,5,-3,-2
11,102,4,8,7,4,3
11,103,7,4,5,-3,-2
11,104,6,5,5,-1,-1
11,105,4,8,7,4,3
11,106,8,2,4,-6,-4
11,107,6,2,3,-4,-3
11,108,1,7,5,6,4
11,109,6,1,2,-5,-4
11,110,3,5,4,2,1
11,111,1,4,3,3,2
11,112,8,2,4,-6,-4
11,113,5,8,7,3,2
11,114,4,6,5,2,1
11,115,7,4,5,-3,-2
11,116,3,3,3,0,0
11,117,5,8,7,3,2
11,118,1,8,6,7,5
11,119,3,5,4,2,1
11,120,6,5,5,-1,-1
11,121,5,7,6,2,1
11,122,3,2,2,-1,-1
11,123,1,7,5,6,4
11,124,5,4,4,-1,-1
11,125,8,4,5,-4,-3
11,126,4,1,2,-3,-2
11,127,8,5,6,-3,-2
11,128,6,1,2,-5,-4
11,129,8,5,6,-3,-2
11,130,4,6,5,2,1
11,131,5,4,4,-1,-1
11,132,8,1,3,-7,-5
11,133,1,2,2,1,1
11,134,8,8,8,0,0
11,135,1,2,2,1,1
11,136,4,2,3,-2,-1
11,137,3,5,4,2,1
11,138,8,1,3,-7,-5
11,139,2,2,2,0,0
11,140,2,8,6,6,4
11,141,6,1,2,-5,-4
11,142,8,4,5,-4,-3
11,143,4,1,2,-3,-2
11,144,8,2,4,-6,-4
11,145,7,7,7,0,0
11,146,1,4,3,3,2
11,147,2,1,1,-1,-1
11,148,2,4,3,2,1
11,149,7,4,5,-3,-2
11,150,8,7,7,-1,-1
11,151,1,2,2,1,1
11,152,4,6,5,2,1
11,153,7,5,6,-2,-1
12,1,6,6,6,0,0
12,2,7,3,4,-4,-3
12,3,1,2,2,1,1
12,4,6,7,7,1,1
12,5,4,3,3,-1,-1
12,6,3,1,2,-2,-1
12,7,5,1,2,-4,-3
12,8,2,6,5,4,3
12,9,1,1,1,0,0
12,10,3,3,3,0,0
12,11,1,8,6,7,5
12,12,4,4,4,0,0
12,13,1,8,6,7,5
12,14,3,2,2,-1,-1
12,15,4,8,7,4,3
12,16,1,2,2,1,1
12,17,7,1,3,-6,-4
12,18,5,6,6,1,1
12,19,8,8,8,0,0
12,20,5,3,4,-2,-1
12,21,7,1,3,-6,-4
12,22,1,5,4,4,3
12,23,7,4,5,-3,-2
12,24,2,5,4,3,2
12,25,2,6,5,4,3
12,26,8,5,6,-3,-2
12,27,8,4,5,-4,-3
12,28,8,2,4,-6,-4
12,29,1,1,1,0,0
12,30,7,8,8,1,1
12,31,1,5,4,4,3
12,32,7,3,4,-4,-3
12,33,1,7,5,6,4
12,34,1,2,2,1,1
12,35,6,3,4,-3,-2
12,36,7,1,3,-6,-4
12,37,8,2,4,-6,-4
12,38,3,8,6,5,3
12,39,6,8,7,2,1
12,40,1,7,5,6,4
12,41,3,3,3,0,0
12,42,5,5,5,0,0
12,43,5,5,5,0,0
12,44,5,1,2,-4,-3
12,45,7,2,4,-5,-3
12,46,6,3,4,-3,-2
12,47,5,6,6,1,1
12,48,3,6,5,3,2
12,49,1,7,5,6,4
12,50,2,7,5,5,3
12,51,2,7,5,5,3
12,52,4,8,7,4,3
12,53,3,1,2,-2,-1
12,54,4,4,4,0,0
12,55,2,1,1,-1,-1
12,56,2,6,5,4,3
12,57,6,4,5,-2,-1
12,58,7,7,7,0,0
12,59,5,8,7,3,2
12,60,3,8,6,5,3
12,61,4,7,6,3,2
12,62,1,1,1,0,0
12,63,3,7,6,4,3
12,64,7,6,6,-1,-1
12,65,7,6,6,-1,-1
12,66,7,3,4,-4,-3
12,67,8,8,8,0,0
12,68,5,3,4,-2,-1
12,69,6,5,5,-1,-1
12,70,6,1,2,-5,-4
12,71,8,4,5,-4,-3
12,72,2,4,3,2,1
12,73,2,4,3,2,1
12,74,8,6,7,-2,-1
12,75,1,2,2,1,1
12,76,5,3,4,-2,-1
12,77,8,8,8,0,0
12,78,3,3,3,0,0
12,79,1,5,4,4,3
12,80,4,6,5,2,1
12,81,7,3,4,-4,-3
12,82,3,2,2,-1,-1
12,83,1,5,4,4,3
12,84,3,8,6,5,3
12,85,2,6,5,4,3
12,86,6,3,4,-3,-2
12,87,1,6,4,5,3
12,88,2,5,4,3,2
12,89,8,2,4,-6,-4
12,90,4,1,2,-3,-2
12,91,6,2,3,-4,-3
12,92,8,7,7,-1,-1
12,93,4,2,3,-2,-1
12,94,5,8,7,3,2
12,95,1,5,4,4,3
12,96,2,2,2,0,0
12,97,6,5,5,-1,-1
12,98,1,5,4,4,3
12,99,3,8,6,5,3
12,100,1,2,2,1,1
12,101,6,5,5,-1,-1
12,102,4,3,3,-1,-1
12,103,5,8,7,3,2
12,104,2,8,6,6,4
12,105,6,8,7,2,1
12,106,1,4,3,3,2
12,107,1,8,6,7,5
12,108,1,1,1,0,0
12,109,3,7,6,4,3
12,110,2,5,4,3,2
12,111,3,2,2,-1,-1
12,112,4,4,4,0,0
12,113,3,5,4,2,1
12,114,3,3,3,0,0
12,115,3,5,4,2,1
12,116,5,3,4,-2,-1
12,117,1,4,3,3,2
12,118,7,6,6,-1,-1
12,119,7,8,8,1,1
12,120,6,3,4,-3,-2
12,121,1,4,3,3,2
12,122,1,7,5,6,4
12,123,5,5,5,0,0
12,124,4,8,7,4,3
12,125,1,5,4,4,3
12,126,5,5,5,0,0
12,127,4,8,7,4,3
12,128,2,3,3,1,1
12,129,7,6,6,-1,-1
12,130,8,6,7,-2,-1
12,131,4,5,5,1,1
12,132,1,8,6,7,5
12,133,3,2,2,-1,-1
12,134,8,2,4,-6,-4
12,135,6,4,5,-2,-1
12,136,8,2,4,-6,-4
12,137,7,5,6,-2,-1
12,138,7,6,6,-1,-1
12,139,1,7,5,6,4
12,140,4,6,5,2,1
12,141,8,8,8,0,0
12,142,8,4,5,-4,-3
12,143,4,1,2,-3,-2
12,144,2,1,1,-1,-1
12,145,8,4,5,-4,-3
12,146,4,2,3,-2,-1
12,147,8,3,4,-5,-4
12,148,4,7,6,3,2
12,149,6,5,5,-1,-1
12,150,7,5,6,-2,-1
12,151,3,8,6,5,3
12,152,6,4,5,-2,-1
12,153,8,2,4,-6,-4
13,1,3,1,2,-2,-1
13,2,7,3,4,-4,-3
13,3,6,4,5,-2,-1
13,4,5,8,7,3,2
13,5,4,6,5,2,1
13,6,4,7,6,3,2
13,7,2,8,6,6,4
13,8,6,3,4,-3,-2
13,9,3,5,4,2,1
13,10,2,4,3,2,1
13,11,6,1,2,-5,-4
13,12,2,1,1,-1,-1
13,13,1,5,4,4,3
13,14,7,6,6,-1,-1
13,15,1,3,2,2,1
13,16,5,8,7,3,2
13,17,7,3,4,-4,-3
13,18,5,4,4,-1,-1
13,19,2,3,3,1,1
13,20,1,5,4,4,3
13,21,3,6,5,3,2
13,22,3,7,6,4,3
13,23,8,1,3,-7,-5
13,24,4,6,5,2,1
13,25,8,7,7,-1,-1
13,26,4,3,3,-1,-1
13,27,3,4,4,1,1
13,28,6,3,4,-3,-2
13,29,7,2,4,-5,-3
13,30,1,6,4,5,3
13,31,2,8,6,6,4
13,32,4,6,5,2,1
13,33,6,7,7,1,1
13,34,4,4,4,0,0
13,35,7,8,8,1,1
13,36,8,8,8,0,0
13,37,8,2,4,-6,-4
13,38,7,8,8,1,1
13,39,1,8,6,7,5
13,40,4,8,7,4,3
13,41,2,3,3,1,1
13,42,8,3,4,-5,-4
13,43,4,8,7,4,3
13,44,3,4,4,1,1
13,45,7,5,6,-2,-1
13,46,7,6,6,-1,-1
13,47,3,4,4,1,1
13,48,3,7,6,4,3
13,49,2,2,2,0,0
13,50,5,6,6,1,1
13,51,2,4,3,2,1
13,52,1,6,4,5,3
13,53,8,6,7,-2,-1
13,54,5,7,6,2,1
13,55,6,7,7,1,1
13,56,7,8,8,1,1
13,57,8,7,7,-1,-1
13,58,2,3,3,1,1
13,59,6,2,3,-4,-3
13,60,1,7,5,6,4
13,61,2,1,1,-1,-1
13,62,1,8,6,7,5
13,63,2,1,1,-1,-1
13,64,8,8,8,0,0
13,65,6,4,5,-2,-1
13,66,1,6,4,5,3
13,67,8,2,4,-6,-4
13,68,8,7,7,-1,-1
13,69,5,8,7,3,2
13,70,1,8,6,7,5
13,71,3,3,3,0,0
13,72,4,1,2,-3,-2
13,73,3,3,3,0,0
13,74,2,5,4,3,2
13,75,6,5,5,-1,-1
13,76,3,1,2,-2,-1
13,77,7,8,8,1,1
13,78,3,6,5,3,2
13,79,6,3,4,-3,-2
13,80,1,8,6,7,5
13,81,8,6,7,-2,-1
13,82,6,7,7,1,1
13,83,7,6,6,-1,-1
13,84,8,4,5,-4,-3
13,85,7,8,8,1,1
13,86,3,6,5,3,2
13,87,1,2,2,1,1
13,88,3,5,4,2,1
13,89,5,8,7,3,2
13,90,6,8,7,2,1
13,91,1,6,4,5,3
13,92,8,2,4,-6,-4
13,93,4,7,6,3,2
13,94,6,2,3,-4,-3
13,95,3,7,6,4,3
13,96,3,6,5,3,2
13,97,7,7,7,0,0
13,98,6,7,7,1,1
13,99,4,7,6,3,2
13,100,4,5,5,1,1
13,101,5,7,6,2,1
13,102,6,6,6,0,0
13,103,6,4,5,-2,-1
13,104,6,2,3,-4,-3
13,105,6,1,2,-5,-4
13,106,4,4,4,0,0
13,107,4,7,6,3,2
13,108,3,7,6,4,3
13,109,1,6,4,5,3
13,110,5,2,3,-3,-2
13,111,2,8,6,6,4
13,112,1,7,5,6,4
13,113,1,4,3,3,2
13,114,3,6,5,3,2
13,115,8,1,3,-7,-5
13,116,4,8,7,4,3
13,117,1,8,6,7,5
13,118,5,1,2,-4,-3
13,119,6,4,5,-2,-1
13,120,8,1,3,-7,-5
13,121,5,4,4,-1,-1
13,122,5,4,4,-1,-1
13,123,1,5,4,4,3
13,124,5,5,5,0,0
13,125,5,7,6,2,1
13,126,6,6,6,0,0
13,127,2,4,3,2,1
13,128,3,3,3,0,0
13,129,2,2,2,0,0
13,130,8,8,8,0,0
13,131,6,3,4,-3,-2
13,132,5,6,6,1,1
13,133,8,2,4,-6,-4
13,134,1,3,2,2,1
13,135,6,8,7,2,1
13,136,8,6,7,-2,-1
13,137,5,7,6,2,1
13,138,5,8,7,3,2
13,139,4,5,5,1,1
13,140,4,2,3,-2,-1
13,141,3,8,6,5,3
13,142,7,5,6,-2,-1
13,143,8,3,4,-5,-4
13,144,6,6,6,0,0
13,145,3,6,5,3,2
13,146,1,1,1,0,0
13,147,1,7,5,6,4
13,148,6,2,3,-4,-3
13,149,5,1,2,-4,-3
13,150,3,6,5,3,2
13,151,7,5,6,-2,-1
13,152,4,4,4,0,0
13,153,4,5,5,1,1
14,1,7,8,8,1,1
14,2,5,6,6,1,1
14,3,2,7,5,5,3
14,4,6,6,6,0,0
14,5,3,2,2,-1,-1
14,6,3,1,2,-2,-1
14,7,6,1,2,-5,-4
14,8,1,6,4,5,3
14,9,8,7,7,-1,-1
14,10,1,8,6,7,5
14,11,8,7,7,-1,-1
14,12,5,8,7,3,2
14,13,7,1,3,-6,-4
14,14,6,4,5,-2,-1
14,15,2,8,6,6,4
14,16,6,5,5,-1,-1
14,17,4,1,2,-3,-2
14,18,7,3,4,-4,-3
14,19,5,4,4,-1,-1
14,20,5,1,2,-4,-3
14,21,2,7,5,5,3
14,22,3,4,4,1,1
14,23,6,5,5,-1,-1
14,24,6,2,3,-4,-3
14,25,2,5,4,3,2
14,26,7,8,8,1,1
14,27,7,1,3,-6,-4
14,28,6,7,7,1,1
14,29,8,7,7,-1,-1
14,30,1,2,2,1,1
14,31,4,4,4,0,0
14,32,8,7,7,-1,-1
14,33,1,5,4,4,3
14,34,7,8,8,1,1
14,35,2,3,3,1,1
14,36,8,5,6,-3,-2
14,37,6,6,6,0,0
14,38,5,5,5,0,0
14,39,7,6,6,-1,-1
14,40,5,3,4,-2,-1
14,41,8,1,3,-7,-5
14,42,3,6,5,3,2
14,43,8,7,7,-1,-1
14,44,4,3,3,-1,-1
14,45,2,3,3,1,1
14,46,5,3,4,-2,-1
14,47,5,2,3,-3,-2
14,48,5,6,6,1,1
14,49,7,6,6,-1,-1
14,50,7,7,7,0,0
14,51,2,7,5,5,3
14,52,1,5,4,4,3
14,53,5,7,6,2,1
14,54,1,1,1,0,0
14,55,8,6,7,-2,-1
14,56,3,5,4,2,1
14,57,5,7,6,2,1
14,58,1,6,4,5,3
14,59,3,1,2,-2,-1
14,60,4,7,6,3,2
14,61,6,5,5,-1,-1
14,62,6,3,4,-3,-2
14,63,3,7,6,4,3
14,64,3,6,5,3,2
14,65,6,6,6,0,0
14,66,7,7,7,0,0
14,67,3,5,4,2,1
14,68,1,7,5,6,4
14,69,8,7,7,-1,-1
14,70,5,5,5,0,0
14,71,3,6,5,3,2
14,72,3,6,5,3,2
14,73,4,7,6,3,2
14,74,1,8,6,7,5
14,75,3,6,5,3,2
14,76,2,5,4,3,2
14,77,2,8,6,6,4
14,78,5,3,4,-2,-1
14,79,2,2,2,0,0
14,80,8,1,3,-7,-5
14,81,5,1,2,-4,-3
14,82,5,6,6,1,1
14,83,4,5,5,1,1
14,84,3,6,5,3,2
14,85,7,1,3,-6,-4
14,86,6,8,7,2,1
14,87,4,5,5,1,1
14,88,7,7,7,0,0
14,89,8,5,6,-3,-2
14,90,2,4,3,2,1
14,91,7,8,8,1,1
14,92,1,5,4,4,3
14,93,8,1,3,-7,-5
14,94,7,5,6,-2,-1
14,95,1,3,2,2,1
14,96,4,6,5,2,1
14,97,5,7,6,2,1
14,98,2,3,3,1,1
14,99,2,6,5,4,3
14,100,6,4,5,-2,-1
14,101,7,3,4,-4,-3
14,102,2,2,2,0,0
14,103,7,5,6,-2,-1
14,104,2,4,3,2,1
14,105,6,4,5,-2,-1
14,106,5,7,6,2,1
14,107,3,8,6,5,3
14,108,6,4,5,-2,-1
14,109,7,8,8,1,1
14,110,3,6,5,3,2
14,111,2,3,3,1,1
14,112,3,2,2,-1,-1
14,113,6,1,2,-5,-4
14,114,6,4,5,-2,-1
14,115,4,7,6,3,2
14,116,3,2,2,-1,-1
14,117,5,3,4,-2,-1
14,118,6,1,2,-5,-4
14,119,1,6,4,5,3
14,120,1,5,4,4,3
14,121,1,8,6,7,5
14,122,1,8,6,7,5
14,123,5,6,6,1,1
14,124,4,4,4,0,0
14,125,3,2,2,-1,-1
14,126,2,8,6,6,4
14,127,5,6,6,1,1
14,128,3,6,5,3,2
14,129,4,3,3,-1,-1
14,130,5,3,4,-2,-1
14,131,5,5,5,0,0
14,132,3,6,5,3,2
14,133,6,5,5,-1,-1
14,134,6,8,7,2,1
14,135,5,4,4,-1,-1
14,136,4,7,6,3,2
14,137,4,6,5,2,1
14,138,7,5,6,-2,-1
14,139,4,4,4,0,0
14,140,2,1,1,-1,-1
14,141,2,8,6,6,4
14,142,3,1,2,-2,-1
14,143,8,6,7,-2,-1
14,144,5,4,4,-1,-1
14,145,6,8,7,2,1
14,146,6,6,6,0,0
14,147,6,2,3,-4,-3
14,148,1,6,4,5,3
14,149,2,3,3,1,1
14,150,2,1,1,-1,-1
14,151,6,5,5,-1,-1
14,152,8,7,7,-1,-1
14,153,7,1,3,-6,-4
15,1,3,4,4,1,1
15,2,3,1,2,-2,-1
15,3,6,3,4,-3,-2
15,4,6,8,7,2,1
15,5,6,2,3,-4,-3
15,6,2,7,5,5,3
15,7,3,5,4,2,1
15,8,3,4,4,1,1
15,9,1,5,4,4,3
15,10,6,3,4,-3,-2
15,11,1,1,1,0,0
15,12,4,2,3,-2,-1
15,13,3,8,6,5,3
15,14,6,1,2,-5,-4
15,15,5,3,4,-2,-1
15,16,7,8,8,1,1
15,17,1,8,6,7,5
15,18,3,5,4,2,1
15,19,5,1,2,-4,-3
15,20,8,6,7,-2,-1
15,21,7,1,3,-6,-4
15,22,7,8,8,1,1
15,23,6,3,4,-3,-2
15,24,3,2,2,-1,-1
15,25,8,1,3,-7,-5
15,26,5,6,6,1,1
15,27,1,7,5,6,4
15,28,7,1,3,-6,-4
15,29,4,7,6,3,2
15,30,3,4,4,1,1
15,31,5,4,4,-1,-1
15,32,6,4,5,-2,-1
15,33,3,3,3,0,0
15,34,1,2,2,1,1
15,35,2,4,3,2,1
15,36,5,8,7,3,2
15,37,6,3,4,-3,-2
15,38,2,5,4,3,2
15,39,8,7,7,-1,-1
15,40,6,2,3,-4,-3
15,41,4,3,3,-1,-1
15,42,5,5,5,0,0
15,43,5,3,4,-2,-1
15,44,2,8,6,6,4
15,45,6,3,4,-3,-2
15,46,1,1,1,0,0
15,47,6,4,5,-2,-1
15,48,1,5,4,4,3
15,49,2,7,5,5,3
15,50,2,4,3,2,1
15,51,6,3,4,-3,-2
15,52,3,6,5,3,2
15,53,3,3,3,0,0
15,54,1,5,4,4,3
15,55,8,3,4,-5,-4
15,56,7,5,6,-2,-1
15,57,2,3,3,1,1
15,58,2,6,5,4,3
15,59,7,7,7,0,0
15,60,7,6,6,-1,-1
15,61,4,4,4,0,0
15,62,3,8,6,5,3
15,63,8,8,8,0,0
15,64,3,6,5,3,2
15,65,6,3,4,-3,-2
15,66,3,6,5,3,2
15,67,8,6,7,-2,-1
15,68,7,4,5,-3,-2
15,69,3,1,2,-2,-1
15,70,4,1,2,-3,-2
15,71,8,6,7,-2,-1
15,72,4,8,7,4,3
15,73,3,3,3,0,0
15,74,8,8,8,0,0
15,75,2,5,4,3,2
15,76,6,1,2,-5,-4
15,77,2,6,5,4,3
15,78,8,7,7,-1,-1
15,79,3,1,2,-2,-1
15,80,2,5,4,3,2
15,81,7,1,3,-6,-4
15,82,5,1,2,-4,-3
15,83,6,1,2,-5,-4
15,84,5,8,7,3,2
15,85,3,7,6,4,3
15,86,4,4,4,0,0
15,87,8,4,5,-4,-3
15,88,3,7,6,4,3
15,89,2,3,3,1,1
15,90,4,1,2,-3,-2
15,91,8,3,4,-5,-4
15,92,6,7,7,1,1
15,93,4,4,4,0,0
15,94,6,6,6,0,0
15,95,8,3,4,-5,-4
15,96,1,5,4,4,3
15,97,5,4,4,-1,-1
15,98,2,8,6,6,4
15,99,7,4,5,-3,-2
15,100,4,6,5,2,1
15,101,3,2,2,-1,-1
15,102,6,7,7,1,1
15,103,4,1,2,-3,-2
15,104,6,4,5,-2,-1
15,105,5,7,6,2,1
15,106,7,8,8,1,1
15,107,5,3,4,-2,-1
15,108,1,2,2,1,1
15,109,1,1,1,0,0
15,110,4,1,2,-3,-2
15,111,7,8,8,1,1
15,112,6,4,5,-2,-1
15,113,4,8,7,4,3
15,114,6,1,2,-5,-4
15,115,4,7,6,3,2
15,116,6,3,4,-3,-2
15,117,4,8,7,4,3
15,118,5,1,2,-4,-3
15,119,8,7,7,-1,-1
15,120,3,4,4,1,1
15,121,5,3,4,-2,-1
15,122,8,3,4,-5,-4
15,123,2,4,3,2,1
15,124,4,2,3,-2,-1
15,125,7,2,4,-5,-3
15,126,3,2,2,-1,-1
15,127,3,2,2,-1,-1
15,128,1,7,5,6,4
15,129,2,1,1,-1,-1
15,130,3,2,2,-1,-1
15,131,8,5,6,-3,-2
15,132,8,6,7,-2,-1
15,133,1,8,6,7,5
15,134,6,3,4,-3,-2
15,135,5,2,3,-3,-2
15,136,8,4,5,-4,-3
15,137,1,4,3,3,2
15,138,6,3,4,-3,-2
15,139,5,3,4,-2,-1
15,140,7,8,8,1,1
15,141,2,7,5,5,3
15,142,5,7,6,2,1
15,143,6,3,4,-3,-2
15,144,4,7,6,3,2
15,145,7,2,4,-5,-3
15,146,2,6,5,4,3
15,147,6,2,3,-4,-3
15,148,7,2,4,-5,-3
15,149,4,3,3,-1,-1
15,150,8,4,5,-4,-3
15,151,1,1,1,0,0
15,152,4,3,3,-1,-1
15,153,1,5,4,4,3
16,1,7,5,6,-2,-1
16,2,8,7,7,-1,-1
16,3,7,4,5,-3,-2
16,4,3,4,4,1,1
16,5,7,8,8,1,1
16,6,5,3,4,-2,-1
16,7,1,8,6,7,5
16,8,8,3,4,-5,-4
16,9,6,6,6,0,0
16,10,1,6,4,5,3
16,11,3,3,3,0,0
16,12,7,3,4,-4,-3
16,13,2,1,1,-1,-1
16,14,4,5,5,1,1
16,15,8,7,7,-1,-1
16,16,8,7,7,-1,-1
16,17,6,6,6,0,0
16,18,8,3,4,-5,-4
16,19,1,2,2,1,1
16,20,3,2,2,-1,-1
16,21,2,3,3,1,1
16,22,4,2,3,-2,-1
16,23,6,4,5,-2,-1
16,24,3,1,2,-2,-1
16,25,2,6,5,4,3
16,26,5,3,4,-2,-1
16,27,4,5,5,1,1
16,28,3,5,4,2,1
16,29,4,6,5,2,1
16,30,4,8,7,4,3
16,31,4,2,3,-2,-1
16,32,2,4,3,2,1
16,33,8,4,5,-4,-3
16,34,5,6,6,1,1
16,35,1,3,2,2,1
16,36,6,3,4,-3,-2
16,37,6,4,5,-2,-1
16,38,2,5,4,3,2
16,39,6,3,4,-3,-2
16,40,7,1,3,-6,-4
16,41,8,4,5,-4,-3
16,42,3,4,4,1,1
16,43,6,4,5,-2,-1
16,44,2,1,1,-1,-1
16,45,2,2,2,0,0
16,46,5,2,3,-3,-2
16,47,3,8,6,5,3
16,48,6,4,5,-2,-1
16,49,8,2,4,-6,-4
16,50,1,3,2,2,1
16,51,8,6,7,-2,-1
16,52,7,1,3,-6,-4
16,53,8,7,7,-1,-1
16,54,7,2,4,-5,-3
16,55,4,5,5,1,1
16,56,4,6,5,2,1
16,57,4,4,4,0,0
16,58,3,3,3,0,0
16,59,4,2,3,-2,-1
16,60,4,2,3,-2,-1
16,61,3,4,4,1,1
16,62,1,3,2,2,1
16,63,3,8,6,5,3
16,64,3,3,3,0,0
16,65,3,7,6,4,3
16,66,4,7,6,3,2
16,67,8,1,3,-7,-5
16,68,5,1,2,-4,-3
16,69,5,4,4,-1,-1
16,70,4,3,3,-1,-1
16,71,3,6,5,3,2
16,72,3,5,4,2,1
16,73,2,7,5,5,3
16,74,8,8,8,0,0
16,75,5,8,7,3,2
16,76,5,1,2,-4,-3
16,77,6,7,7,1,1
16,78,5,4,4,-1,-1
16,79,2,4,3,2,1
16,80,5,2,3,-3,-2
16,81,3,6,5,3,2
16,82,6,1,2,-5,-4
16,83,1,3,2,2,1
16,84,4,8,7,4,3
16,85,7,3,4,-4,-3
16,86,6,5,5,-1,-1
16,87,8,8,8,0,0
16,88,7,6,6,-1,-1
16,89,3,6,5,3,2
16,90,2,2,2,0,0
16,91,5,6,6,1,1
16,92,7,4,5,-3,-2
16,93,4,8,7,4,3
16,94,1,2,2,1,1
16,95,8,7,7,-1,-1
16,96,3,2,2,-1,-1
16,97,4,7,6,3,2
16,98,8,5,6,-3,-2
16,99,2,2,2,0,0
16,100,7,3,4,-4,-3
16,101,5,7,6,2,1
16,102,6,5,5,-1,-1
16,103,1,8,6,7,5
16,104,6,2,3,-4,-3
16,105,4,2,3,-2,-1
16,106,5,3,4,-2,-1
16,107,5,5,5,0,0
16,108,7,2,4,-5,-3
16,109,8,1,3,-7,-5
16,110,2,3,3,1,1
16,111,6,6,6,0,0
16,112,7,4,5,-3,-2
16,113,1,8,6,7,5
16,114,2,8,6,6,4
16,115,5,8,7,3,2
16,116,4,5,5,1,1
16,117,1,5,4,4,3
16,118,2,2,2,0,0
16,119,4,3,3,-1,-1
16,120,5,1,2,-4,-3
16,121,6,3,4,-3,-2
16,122,2,3,3,1,1
16,123,5,5,5,0,0
16,124,2,4,3,2,1
16,125,2,8,6,6,4
16,126,6,1,2,-5,-4
16,127,8,6,7,-2,-1
16,128,8,3,4,-5,-4
16,129,5,8,7,3,2
16,130,4,2,3,-2,-1
16,131,8,1,3,-7,-5
16,132,3,4,4,1,1
16,133,7,3,4,-4,-3
16,134,6,8,7,2,1
16,135,8,4,5,-4,-3
16,136,7,8,8,1,1
16,137,4,7,6,3,2
16,138,1,4,3,3,2
16,139,4,6,5,2,1
16,140,5,6,6,1,1
16,141,6,5,5,-1,-1
16,142,8,7,7,-1,-1
16,143,6,1,2,-5,-4
16,144,3,4,4,1,1
16,145,6,8,7,2,1
16,146,4,8,7,4,3
16,147,5,8,7,3,2
16,148,1,8,6,7,5
16,149,7,2,4,-5,-3
16,150,6,8,7,2,1
16,151,1,1,1,0,0
16,152,3,3,3,0,0
16,153,1,5,4,4,3
17,1,1,3,2,2,1
17,2,5,1,2,-4,-3
17,3,8,4,5,-4,-3
17,4,5,8,7,3,2
17,5,4,5,5,1,1
17,6,7,4,5,-3,-2
17,7,1,6,4,5,3
17,8,8,2,4,-6,-4
17,9,5,7,6,2,1
17,10,6,5,5,-1,-1
17,11,8,8,8,0,0
17,12,8,7,7,-1,-1
17,13,3,3,3,0,0
17,14,7,6,6,-1,-1
17,15,5,6,6,1,1
17,16,3,6,5,3,2
17,17,5,7,6,2,1
17,18,7,5,6,-2,-1
17,19,8,1,3,-7,-5
17,20,5,2,3,-3,-2
17,21,7,4,5,-3,-2
17,22,8,5,6,-3,-2
17,23,7,2,4,-5,-3
17,24,4,3,3,-1,-1
17,25,1,7,5,6,4
17,26,5,6,6,1,1
17,27,2,2,2,0,0
17,28,2,2,2,0,0
17,29,6,2,3,-4,-3
17,30,3,6,5,3,2
17,31,8,5,6,-3,-2
17,32,2,4,3,2,1
17,33,5,1,2,-4,-3
17,34,7,1,3,-6,-4
17,35,2,3,3,1,1
17,36,6,7,7,1,1
17,37,7,2,4,-5,-3
17,38,5,1,2,-4,-3
17,39,3,5,4,2,1
17,40,4,6,5,2,1
17,41,7,4,5,-3,-2
17,42,3,4,4,1,1
17,43,2,1,1,-1,-1
17,44,5,8,7,3,2
17,45,8,6,7,-2,-1
17,46,6,7,7,1,1
17,47,5,3,4,-2,-1
17,48,2,7,5,5,3
17,49,6,4,5,-2,-1
17,50,5,4,4,-1,-1
17,51,7,2,4,-5,-3
17,52,4,1,2,-3,-2
17,53,4,4,4,0,0
17,54,2,7,5,5,3
17,55,3,1,2,-2,-1
17,56,8,2,4,-6,-4
17,57,2,3,3,1,1
17,58,2,3,3,1,1
17,59,6,8,7,2,1
17,60,7,2,4,-5,-3
17,61,2,6,5,4,3
17,62,6,5,5,-1,-1
17,63,4,7,6,3,2
17,64,4,5,5,1,1
17,65,1,6,4,5,3
17,66,3,6,5,3,2
17,67,4,7,6,3,2
17,68,3,8,6,5,3
17,69,5,2,3,-3,-2
17,70,3,2,2,-1,-1
17,71,6,8,7,2,1
17,72,7,6,6,-1,-1
17,73,8,1,3,-7,-5
17,74,4,5,5,1,1
17,75,3,5,4,2,1
17,76,4,3,3,-1,-1
17,77,2,1,1,-1,-1
17,78,7,2,4,-5,-3
17,79,5,5,5,0,0
17,80,6,2,3,-4,-3
17,81,1,3,2,2,1
17,82,6,4,5,-2,-1
17,83,1,3,2,2,1
17,84,8,1,3,-7,-5
17,85,2,2,2,0,0
17,86,7,2,4,-5,-3
17,87,8,2,4,-6,-4
17,88,2,7,5,5,3
17,89,7,8,8,1,1
17,90,6,4,5,-2,-1
17,91,5,6,6,1,1
17,92,1,3,2,2,1
17,93,3,4,4,1,1
17,94,4,8,7,4,3
17,95,5,4,4,-1,-1
17,96,2,6,5,4,3
17,97,8,7,7,-1,-1
17,98,4,5,5,1,1
17,99,1,2,2,1,1
17,100,2,8,6,6,4
17,101,1,1,1,0,0
17,102,5,2,3,-3,-2
17,103,8,6,7,-2,-1
17,104,7,3,4,-4,-3
17,105,7,4,5,-3,-2
17,106,7,6,6,-1,-1
17,107,3,4,4,1,1
17,108,3,2,2,-1,-1
17,109,4,7,6,3,2
17,110,7,7,7,0,0
17,111,7,5,6,-2,-1
17,112,8,2,4,-6,-4
17,113,7,7,7,0,0
17,114,5,3,4,-2,-1
17,115,7,8,8,1,1
17,116,3,2,2,-1,-1
17,117,1,4,3,3,2
17,118,6,5,5,-1,-1
17,119,5,1,2,-4,-3
17,120,1,5,4,4,3
17,121,6,6,6,0,0
17,122,6,2,3,-4,-3
17,123,3,2,2,-1,-1
17,124,6,5,5,-1,-1
17,125,7,2,4,-5,-3
17,126,2,6,5,4,3
17,127,8,4,5,-4,-3
17,128,4,8,7,4,3
17,129,6,2,3,-4,-3
17,130,6,4,5,-2,-1
17,131,5,6,6,1,1
17,132,5,8,7,3,2
17,133,6,7,7,1,1
17,134,5,7,6,2,1
17,135,8,4,5,-4,-3
17,136,2,1,1,-1,-1
17,137,2,2,2,0,0
17,138,8,1,3,-7,-5
17,139,8,6,7,-2,-1
17,140,2,2,2,0,0
17,141,8,3,4,-5,-4
17,142,7,1,3,-6,-4
17,143,8,3,4,-5,-4
17,144,1,4,3,3,2
17,145,2,3,3,1,1
17,146,3,7,6,4,3
17,147,1,8,6,7,5
17,148,4,3,3,-1,-1
17,149,7,4,5,-3,-2
17,150,4,6,5,2,1
17,151,2,1,1,-1,-1
17,152,7,3,4,-4,-3
17,153,8,6,7,-2,-1
18,1,1,2,2,1,1
18,2,8,3,4,-5,-4
18,3,3,5,4,2,1
18,4,5,1,2,-4,-3
18,5,2,1,1,-1,-1
18,6,7,7,7,0,0
18,7,7,4,5,-3,-2
18,8,5,1,2,-4,-3
18,9,8,6,7,-2,-1
18,10,4,2,3,-2,-1
18,11,5,4,4,-1,-1
18,12,2,5,4,3,2
18,13,4,6,5,2,1
18,14,1,3,2,2,1
18,15,4,7,6,3,2
18,16,6,4,5,-2,-1
18,17,5,4,4,-1,-1
18,18,2,7,5,5,3
18,19,8,4,5,-4,-3
18,20,3,1,2,-2,-1
18,21,1,6,4,5,3
18,22,2,2,2,0,0
18,23,1,5,4,4,3
18,24,2,8,6,6,4
18,25,3,2,2,-1,-1
18,26,6,2,3,-4,-3
18,27,2,1,1,-1,-1
18,28,8,1,3,-7,-5
18,29,1,6,4,5,3
18,30,5,1,2,-4,-3
18,31,7,1,3,-6,-4
18,32,4,3,3,-1,-1
18,33,4,3,3,-1,-1
18,34,3,3,3,0,0
18,35,8,4,5,-4,-3
18,36,1,4,3,3,2
18,37,2,2,2,0,0
18,38,3,5,4,2,1
18,39,8,8,8,0,0
18,40,2,1,1,-1,-1
18,41,1,3,2,2,1
18,42,2,5,4,3,2
18,43,5,5,5,0,0
18,44,5,3,4,-2,-1
18,45,2,7,5,5,3
18,46,2,7,5,5,3
18,47,5,1,2,-4,-3
18,48,8,1,3,-7,-5
18,49,2,8,6,6,4
18,50,8,8,8,0,0
18,51,2,1,1,-1,-1
18,52,5,6,6,1,1
18,53,2,3,3,1,1
18,54,6,2,3,-4,-3
18,55,8,7,7,-1,-1
18,56,6,4,5,-2,-1
18,57,8,8,8,0,0
18,58,1,1,1,0,0
18,59,4,1,2,-3,-2
18,60,5,5,5,0,0
18,61,4,2,3,-2,-1
18,62,3,5,4,2,1
18,63,4,6,5,2,1
18,64,1,4,3,3,2
18,65,8,5,6,-3,-2
18,66,1,5,4,4,3
18,67,4,5,5,1,1
18,68,2,4,3,2,1
18,69,7,2,4,-5,-3
18,70,2,1,1,-1,-1
18,71,5,4,4,-1,-1
18,72,6,5,5,-1,-1
18,73,2,3,3,1,1
18,74,6,5,5,-1,-1
18,75,1,7,5,6,4
18,76,5,6,6,1,1
18,77,6,7,7,1,1
18,78,7,6,6,-1,-1
18,79,4,8,7,4,3
18,80,6,7,7,1,1
18,81,8,7,7,-1,-1
18,82,5,1,2,-4,-3
18,83,7,5,6,-2,-1
18,84,2,1,1,-1,-1
18,85,4,4,4,0,0
18,86,5,6,6,1,1
18,87,6,2,3,-4,-3
18,88,5,6,6,1,1
18,89,8,6,7,-2,-1
18,90,7,6,6,-1,-1
18,91,6,3,4,-3,-2
18,92,7,5,6,-2,-1
18,93,4,8,7,4,3
18,94,8,7,7,-1,-1
18,95,3,2,2,-1,-1
18,96,6,1,2,-5,-4
18,97,4,8,7,4,3
18,98,5,3,4,-2,-1
18,99,3,3,3,0,0
18,100,2,7,5,5,3
18,101,1,5,4,4,3
18,102,5,5,5,0,0
18,103,6,8,7,2,1
18,104,6,2,3,-4,-3
18,105,1,5,4,4,3
18,106,3,4,4,1,1
18,107,8,5,6,-3,-2
18,108,2,1,1,-1,-1
18,109,1,6,4,5,3
18,110,1,1,1,0,0
18,111,3,4,4,1,1
18,112,8,1,3,-7,-5
18,113,4,3,3,-1,-1
18,114,3,8,6,5,3
18,115,3,6,5,3,2
18,116,7,1,3,-6,-4
18,117,6,7,7,1,1
18,118,5,1,2,-4,-3
18,119,2,5,4,3,2
18,120,2,3,3,1,1
18,121,6,4,5,-2,-1
18,122,5,5,5,0,0
18,123,5,1,2,-4,-3
18,124,4,2,3,-2,-1
18,125,3,4,4,1,1
18,126,4,6,5,2,1
18,127,4,2,3,-2,-1
18,128,1,2,2,1,1
18,129,4,5,5,1,1
18,130,7,8,8,1,1
18,131,8,8,8,0,0
18,132,8,2,4,-6,-4
18,133,6,8,7,2,1
18,134,2,5,4,3,2
18,135,4,6,5,2,1
18,136,2,2,2,0,0
18,137,7,7,7,0,0
18,138,5,3,4,-2,-1
18,139,4,4,4,0,0
18,140,4,2,3,-2,-1
18,141,5,2,3,-3,-2
18,142,7,3,4,-4,-3
18,143,4,3,3,-1,-1
18,144,4,2,3,-2,-1
18,145,7,1,3,-6,-4
18,146,8,5,6,-3,-2
18,147,4,2,3,-2,-1
18,148,2,8,6,6,4
18,149,5,5,5,0,0
18,150,5,1,2,-4,-3
18,151,4,2,3,-2,-1
18,152,3,6,5,3,2
18,153,2,3,3,1,1
19,1,3,8,6,5,3
19,2,8,5,6,-3,-2
19,3,3,7,6,4,3
19,4,2,4,3,2,1
19,5,3,6,5,3,2
19,6,5,5,5,0,0
19,7,3,5,4,2,1
19,8,3,7,6,4,3
19,9,6,8,7,2,1
19,10,4,7,6,3,2
19,11,8,1,3,-7,-5
19,12,8,1,3,-7,-5
19,13,5,2,3,-3,-2
19,14,3,4,4,1,1
19,15,4,8,7,4,3
19,16,6,3,4,-3,-2
19,17,4,5,5,1,1
19,18,8,7,7,-1,-1
19,19,6,7,7,1,1
19,20,3,4,4,1,1
19,21,4,3,3,-1,-1
19,22,1,8,6,7,5
19,23,7,8,8,1,1
19,24,8,2,4,-6,-4
19,25,8,2,4,-6,-4
19,26,5,1,2,-4,-3
19,27,7,1,3,-6,-4
19,28,6,2,3,-4,-3
19,29,2,4,3,2,1
19,30,8,1,3,-7,-5
19,31,5,5,5,0,0
19,32,5,3,4,-2,-1
19,33,5,5,5,0,0
19,34,3,6,5,3,2
19,35,8,4,5,-4,-3
19,36,7,8,8,1,1
19,37,1,8,6,7,5
19,38,6,5,5,-1,-1
19,39,2,3,3,1,1
19,40,4,2,3,-2,-1
19,41,8,1,3,-7,-5
19,42,1,5,4,4,3
19,43,1,8,6,7,5
19,44,3,8,6,5,3
19,45,2,4,3,2,1
19,46,2,3,3,1,1
19,47,4,8,7,4,3
19,48,8,8,8,0,0
19,49,1,6,4,5,3
19,50,6,7,7,1,1
19,51,5,6,6,1,1
19,52,6,8,7,2,1
19,53,5,8,7,3,2
19,54,8,7,7,-1,-1
19,55,8,5,6,-3,-2
19,56,5,1,2,-4,-3
19,57,8,8,8,0,0
19,58,3,1,2,-2,-1
19,59,6,2,3,-4,-3
19,60,5,7,6,2,1
19,61,1,7,5,6,4
19,62,8,4,5,-4,-3
19,63,7,2,4,-5,-3
19,64,7,7,7,0,0
19,65,3,8,6,5,3
19,66,5,7,6,2,1
19,67,5,3,4,-2,-1
19,68,5,8,7,3,2
19,69,3,5,4,2,1
19,70,8,7,7,-1,-1
19,71,6,2,3,-4,-3
19,72,3,1,2,-2,-1
19,73,4,6,5,2,1
19,74,6,8,7,2,1
19,75,5,7,6,2,1
19,76,1,7,5,6,4
19,77,6,2,3,-4,-3
19,78,3,1,2,-2,-1
19,79,3,4,4,1,1
19,80,7,2,4,-5,-3
19,81,3,3,3,0,0
19,82,2,1,1,-1,-1
19,83,1,2,2,1,1
19,84,5,8,7,3,2
19,85,3,5,4,2,1
19,86,4,4,4,0,0
19,87,4,7,6,3,2
19,88,1,7,5,6,4
19,89,5,3,4,-2,-1
19,90,7,7,7,0,0
19,91,2,6,5,4,3
19,92,5,8,7,3,2
19,93,1,6,4,5,3
19,94,8,8,8,0,0
19,95,3,4,4,1,1
19,96,5,4,4,-1,-1
19,97,6,7,7,1,1
19,98,1,5,4,4,3
19,99,7,5,6,-2,-1
19,100,5,5,5,0,0
19,101,6,1,2,-5,-4
19,102,7,7,7,0,0
19,103,2,3,3,1,1
19,104,6,3,4,-3,-2
19,105,2,6,5,4,3
19,106,8,5,6,-3,-2
19,107,4,7,6,3,2
19,108,4,6,5,2,1
19,109,7,2,4,-5,-3
19,110,3,3,3,0,0
19,111,4,2,3,-2,-1
19,112,2,5,4,3,2
19,113,2,8,6,6,4
19,114,8,8,8,0,0
19,115,2,2,2,0,0
19,116,2,4,3,2,1
19,117,4,8,7,4,3
19,118,3,6,5,3,2
19,119,8,7,7,-1,-1
19,120,8,6,7,-2,-1
19,121,5,7,6,2,1
19,122,7,5,6,-2,-1
19,123,6,6,6,0,0
19,124,4,3,3,-1,-1
19,125,7,8,8,1,1
19,126,8,4,5,-4,-3
19,127,1,6,4,5,3
19,128,6,7,7,1,1
19,129,7,4,5,-3,-2
19,130,3,1,2,-2,-1
19,131,7,1,3,-6,-4
19,132,1,3,2,2,1
19,133,6,7,7,1,1
19,134,5,3,4,-2,-1
19,135,4,3,3,-1,-1
19,136,3,2,2,-1,-1
19,137,7,7,7,0,0
19,138,6,7,7,1,1
19,139,1,8,6,7,5
19,140,6,6,6,0,0
19,141,1,5,4,4,3
19,142,5,3,4,-2,-1
19,143,5,1,2,-4,-3
19,144,8,8,8,0,0
19,145,3,5,4,2,1
19,146,8,8,8,0,0
19,147,3,7,6,4,3
19,148,3,2,2,-1,-1
19,149,6,3,4,-3,-2
19,150,2,3,3,1,1
19,151,7,2,4,-5,-3
19,152,5,8,7,3,2
19,153,2,6,5,4,3
20,1,7,3,4,-4,-3
20,2,7,7,7,0,0
20,3,3,3,3,0,0
20,4,2,2,2,0,0
20,5,5,5,5,0,0
20,6,4,6,5,2,1
20,7,6,1,2,-5,-4
20,8,5,2,3,-3,-2
20,9,4,3,3,-1,-1
20,10,7,3,4,-4,-3
20,11,7,5,6,-2,-1
20,12,4,5,5,1,1
20,13,8,6,7,-2,-1
20,14,2,3,3,1,1
20,15,7,5,6,-2,-1
20,16,3,5,4,2,1
20,17,4,6,5,2,1
20,18,8,7,7,-1,-1
20,19,7,7,7,0,0
20,20,7,5,6,-2,-1
20,21,4,3,3,-1,-1
20,22,1,8,6,7,5
20,23,2,7,5,5,3
20,24,8,6,7,-2,-1
20,25,2,3,3,1,1
20,26,8,2,4,-6,-4
20,27,8,6,7,-2,-1
20,28,1,5,4,4,3
20,29,2,4,3,2,1
20,30,4,7,6,3,2
20,31,8,7,7,-1,-1
20,32,1,6,4,5,3
20,33,1,2,2,1,1
20,34,3,7,6,4,3
20,35,3,3,3,0,0
20,36,8,2,4,-6,-4
20,37,7,8,8,1,1
20,38,1,2,2,1,1
20,39,2,8,6,6,4
20,40,6,2,3,-4,-3
20,41,6,7,7,1,1
20,42,1,8,6,7,5
20,43,4,2,3,-2,-1
20,44,3,4,4,1,1
20,45,8,4,5,-4,-3
20,46,8,6,7,-2,-1
20,47,4,7,6,3,2
20,48,6,2,3,-4,-3
20,49,4,7,6,3,2
20,50,2,4,3,2,1
20,51,6,4,5,-2,-1
20,52,1,7,5,6,4
20,53,5,2,3,-3,-2
20,54,2,3,3,1,1
20,55,7,2,4,-5,-3
20,56,7,8,8,1,1
20,57,2,4,3,2,1
20,58,8,2,4,-6,-4
20,59,8,1,3,-7,-5
20,60,5,8,7,3,2
20,61,7,8,8,1,1
20,62,1,4,3,3,2
20,63,8,7,7,-1,-1
20,64,2,7,5,5,3
20,65,5,8,7,3,2
20,66,2,3,3,1,1
20,67,8,8,8,0,0
20,68,3,5,4,2,1
20,69,7,3,4,-4,-3
20,70,8,8,8,0,0
20,71,1,6,4,5,3
20,72,1,7,5,6,4
20,73,1,8,6,7,5
20,74,5,4,4,-1,-1
20,75,2,8,6,6,4
20,76,6,2,3,-4,-3
20,77,1,3,2,2,1
20,78,3,5,4,2,1
20,79,2,8,6,6,4
20,80,1,2,2,1,1
20,81,4,3,3,-1,-1
20,82,6,6,6,0,0
20,83,7,2,4,-5,-3
20,84,2,8,6,6,4
20,85,3,3,3,0,0
20,86,2,7,5,5,3
20,87,2,3,3,1,1
20,88,4,7,6,3,2
20,89,6,5,5,-1,-1
20,90,2,7,5,5,3
20,91,6,8,7,2,1
20,92,1,3,2,2,1
20,93,2,8,6,6,4
20,94,3,1,2,-2,-1
20,95,1,8,6,7,5
20,96,3,5,4,2,1
20,97,5,3,4,-2,-1
20,98,6,2,3,-4,-3
20,99,4,3,3,-1,-1
20,100,8,8,8,0,0
20,101,4,7,6,3,2
20,102,4,1,2,-3,-2
20,103,4,8,7,4,3
20,104,7,6,6,-1,-1
20,105,3,5,4,2,1
20,106,7,1,3,-6,-4
20,107,3,4,4,1,1
20,108,2,1,1,-1,-1
20,109,8,7,7,-1,-1
20,110,1,1,1,0,0
20,111,5,3,4,-2,-1
20,112,2,5,4,3,2
20,113,4,6,5,2,1
20,114,2,3,3,1,1
20,115,5,3,4,-2,-1
20,116,8,2,4,-6,-4
20,117,2,8,6,6,4
20,118,2,4,3,2,1
20,119,8,1,3,-7,-5
20,120,7,4,5,-3,-2
20,121,8,8,8,0,0
20,122,7,7,7,0,0
20,123,3,2,2,-1,-1
20,124,5,4,4,-1,-1
20,125,1,1,1,0,0
20,126,8,3,4,-5,-4
20,127,3,1,2,-2,-1
20,128,4,1,2,-3,-2
20,129,8,6,7,-2,-1
20,130,6,4,5,-2,-1
20,131,1,7,5,6,4
20,132,3,3,3,0,0
20,133,5,6,6,1,1
20,134,2,5,4,3,2
20,135,1,7,5,6,4
20,136,5,7,6,2,1
20,137,1,2,2,1,1
20,138,1,8,6,7,5
20,139,7,1,3,-6,-4
20,140,8,4,5,-4,-3
20,141,2,3,3,1,1
20,142,2,2,2,0,0
20,143,2,6,5,4,3
20,144,3,6,5,3,2
20,145,1,7,5,6,4
20,146,2,7,5,5,3
20,147,2,4,3,2,1
20,148,1,8,6,7,5
20,149,5,2,3,-3,-2
20,150,8,1,3,-7,-5
20,151,3,6,5,3,2
20,152,1,3,2,2,1
20,153,7,6,6,-1,-1
21,1,6,6,6,0,0
21,2,5,7,6,2,1
21,3,8,4,5,-4,-3
21,4,5,3,4,-2,-1
21,5,8,4,5,-4,-3
21,6,4,7,6,3,2
21,7,8,2,4,-6,-4
21,8,7,4,5,-3,-2
21,9,6,8,7,2,1
21,10,2,2,2,0,0
21,11,1,2,2,1,1
21,12,6,6,6,0,0
21,13,7,2,4,-5,-3
21,14,4,1,2,-3,-2
21,15,4,7,6,3,2
21,16,6,2,3,-4,-3
21,17,3,8,6,5,3
21,18,8,1,3,-7,-5
21,19,1,8,6,7,5
21,20,5,3,4,-2,-1
21,21,5,5,5,0,0
21,22,6,6,6,0,0
21,23,2,7,5,5,3
21,24,1,5,4,4,3
21,25,6,4,5,-2,-1
21,26,7,7,7,0,0
21,27,7,4,5,-3,-2
21,28,7,5,6,-2,-1
21,29,6,4,5,-2,-1
21,30,8,6,7,-2,-1
21,31,4,4,4,0,0
21,32,8,4,5,-4,-3
21,33,4,5,5,1,1
21,34,5,8,7,3,2
21,35,3,4,4,1,1
21,36,6,7,7,1,1
21,37,6,8,7,2,1
21,38,1,6,4,5,3
21,39,7,2,4,-5,-3
21,40,3,4,4,1,1
21,41,4,2,3,-2,-1
21,42,7,5,6,-2,-1
21,43,2,4,3,2,1
21,44,5,6,6,1,1
21,45,7,4,5,-3,-2
21,46,6,5,5,-1,-1
21,47,2,3,3,1,1
21,48,6,1,2,-5,-4
21,49,7,7,7,0,0
21,50,1,3,2,2,1
21,51,1,7,5,6,4
21,52,8,2,4,-6,-4
21,53,8,5,6,-3,-2
21,54,3,3,3,0,0
21,55,4,6,5,2,1
21,56,3,2,2,-1,-1
21,57,5,2,3,-3,-2
21,58,1,1,1,0,0
21,59,2,1,1,-1,-1
21,60,8,6,7,-2,-1
21,61,1,6,4,5,3
21,62,8,5,6,-3,-2
21,63,8,6,7,-2,-1
21,64,2,8,6,6,4
21,65,7,1,3,-6,-4
21,66,3,8,6,5,3
21,67,7,3,4,-4,-3
21,68,6,4,5,-2,-1
21,69,2,8,6,6,4
21,70,1,4,3,3,2
21,71,4,5,5,1,1
21,72,3,1,2,-2,-1
21,73,5,6,6,1,1
21,74,3,4,4,1,1
21,75,5,3,4,-2,-1
21,76,6,3,4,-3,-2
21,77,6,6,6,0,0
21,78,5,3,4,-2,-1
21,79,3,4,4,1,1
21,80,7,6,6,-1,-1
21,81,6,7,7,1,1
21,82,2,4,3,2,1
21,83,4,4,4,0,0
21,84,1,6,4,5,3
21,85,3,6,5,3,2
21,86,6,3,4,-3,-2
21,87,8,1,3,-7,-5
21,88,7,1,3,-6,-4
21,89,5,7,6,2,1
21,90,4,8,7,4,3
21,91,8,4,5,-4,-3
21,92,4,8,7,4,3
21,93,1,1,1,0,0
21,94,6,2,3,-4,-3
21,95,6,1,2,-5,-4
21,96,2,3,3,1,1
21,97,7,3,4,-4,-3
21,98,6,1,2,-5,-4
21,99,4,5,5,1,1
21,100,8,7,7,-1,-1
21,101,3,4,4,1,1
21,102,8,1,3,-7,-5
21,103,6,5,5,-1,-1
21,104,5,6,6,1,1
21,105,3,1,2,-2,-1
21,106,1,5,4,4,3
21,107,2,5,4,3,2
21,108,5,2,3,-3,-2
21,109,5,6,6,1,1
21,110,3,2,2,-1,-1
21,111,3,7,6,4,3
21,112,4,1,2,-3,-2
21,113,1,5,4,4,3
21,114,2,3,3,1,1
21,115,3,5,4,2,1
21,116,6,2,3,-4,-3
21,117,5,6,6,1,1
21,118,1,4,3,3,2
21,119,3,7,6,4,3
21,120,6,1,2,-5,-4
21,121,8,7,7,-1,-1
21,122,7,8,8,1,1
21,123,1,4,3,3,2
21,124,2,6,5,4,3
21,125,1,5,4,4,3
21,126,4,2,3,-2,-1
21,127,2,2,2,0,0
21,128,6,7,7,1,1
21,129,1,6,4,5,3
21,130,8,6,7,-2,-1
21,131,1,8,6,7,5
21,132,3,5,4,2,1
21,133,5,7,6,2,1
21,134,1,2,2,1,1
21,135,7,3,4,-4,-3
21,136,6,4,5,-2,-1
21,137,7,2,4,-5,-3
21,138,5,5,5,0,0
21,139,6,4,5,-2,-1
21,140,2,4,3,2,1
21,141,4,6,5,2,1
21,142,2,6,5,4,3
21,143,8,2,4,-6,-4
21,144,3,3,3,0,0
21,145,4,7,6,3,2
21,146,1,3,2,2,1
21,147,4,4,4,0,0
21,148,7,5,6,-2,-1
21,149,4,7,6,3,2
21,150,1,3,2,2,1
21,151,4,3,3,-1,-1
21,152,6,4,5,-2,-1
21,153,7,3,4,-4,-3
22,1,6,6,6,0,0
22,2,7,5,6,-2,-1
22,3,1,6,4,5,3
22,4,2,1,1,-1,-1
22,5,5,7,6,2,1
22,6,8,3,4,-5,-4
22,7,4,4,4,0,0
22,8,5,5,5,0,0
22,9,8,1,3,-7,-5
22,10,4,1,2,-3,-2
22,11,6,4,5,-2,-1
22,12,3,7,6,4,3
22,13,5,3,4,-2,-1
22,14,8,4,5,-4,-3
22,15,3,7,6,4,3
22,16,4,5,5,1,1
22,17,7,3,4,-4,-3
22,18,6,2,3,-4,-3
22,19,2,5,4,3,2
22,20,6,7,7,1,1
22,21,4,8,7,4,3
22,22,6,6,6,0,0
22,23,8,1,3,-7,-5
22,24,4,3,3,-1,-1
22,25,4,4,4,0,0
22,26,4,3,3,-1,-1
22,27,3,4,4,1,1
22,28,5,6,6,1,1
22,29,8,8,8,0,0
22,30,2,6,5,4,3
22,31,5,1,2,-4,-3
22,32,6,3,4,-3,-2
22,33,1,1,1,0,0
22,34,6,6,6,0,0
22,35,8,3,4,-5,-4
22,36,8,8,8,0,0
22,37,2,4,3,2,1
22,38,6,8,7,2,1
22,39,4,4,4,0,0
22,40,3,3,3,0,0
22,41,2,3,3,1,1
22,42,3,3,3,0,0
22,43,1,2,2,1,1
22,44,2,3,3,1,1
22,45,6,7,7,1,1
22,46,5,2,3,-3,-2
22,47,2,8,6,6,4
22,48,8,4,5,-4,-3
22,49,7,4,5,-3,-2
22,50,3,5,4,2,1
22,51,4,1,2,-3,-2
22,52,7,1,3,-6,-4
22,53,5,6,6,1,1
22,54,2,7,5,5,3
22,55,8,2,4,-6,-4
22,56,8,5,6,-3,-2
22,57,7,5,6,-2,-1
22,58,3,5,4,2,1
22,59,1,5,4,4,3
22,60,3,3,3,0,0
22,61,7,6,6,-1,-1
22,62,3,5,4,2,1
22,63,1,5,4,4,3
22,64,3,2,2,-1,-1
22,65,3,1,2,-2,-1
22,66,6,6,6,0,0
22,67,2,5,4,3,2
22,68,5,2,3,-3,-2
22,69,5,6,6,1,1
22,70,8,1,3,-7,-5
22,71,1,6,4,5,3
22,72,3,3,3,0,0
22,73,8,4,5,-4,-3
22,74,3,8,6,5,3
22,75,3,8,6,5,3
22,76,7,1,3,-6,-4
22,77,2,5,4,3,2
22,78,7,2,4,-5,-3
22,79,2,2,2,0,0
22,80,5,1,2,-4,-3
22,81,6,5,5,-1,-1
22,82,5,1,2,-4,-3
22,83,6,7,7,1,1
22,84,4,7,6,3,2
22,85,1,1,1,0,0
22,86,4,8,7,4,3
22,87,4,7,6,3,2
22,88,7,1,3,-6,-4
22,89,5,2,3,-3,-2
22,90,5,3,4,-2,-1
22,91,1,2,2,1,1
22,92,4,4,4,0,0
22,93,5,7,6,2,1
22,94,7,1,3,-6,-4
22,95,4,8,7,4,3
22,96,2,5,4,3,2
22,97,5,1,2,-4,-3
22,98,6,7,7,1,1
22,99,7,7,7,0,0
22,100,6,7,7,1,1
22,101,2,5,4,3,2
22,102,8,8,8,0,0
22,103,6,3,4,-3,-2
22,104,3,5,4,2,1
22,105,4,2,3,-2,-1
22,106,2,4,3,2,1
22,107,6,3,4,-3,-2
22,108,1,5,4,4,3
22,109,1,1,1,0,0
22,110,8,1,3,-7,-5
22,111,5,8,7,3,2
22,112,6,5,5,-1,-1
22,113,7,6,6,-1,-1
22,114,4,2,3,-2,-1
22,115,5,7,6,2,1
22,116,5,1,2,-4,-3
22,117,6,8,7,2,1
22,118,6,6,6,0,0
22,119,4,4,4,0,0
22,120,8,2,4,-6,-4
22,121,8,5,6,-3,-2
22,122,8,7,7,-1,-1
22,123,7,5,6,-2,-1
22,124,4,1,2,-3,-2
22,125,7,2,4,-5,-3
22,126,6,1,2,-5,-4
22,127,4,3,3,-1,-1
22,128,4,6,5,2,1
22,129,3,7,6,4,3
22,130,2,8,6,6,4
22,131,7,3,4,-4,-3
22,132,5,6,6,1,1
22,133,5,7,6,2,1
22,134,5,6,6,1,1
22,135,1,8,6,7,5
22,136,7,1,3,-6,-4
22,137,2,5,4,3,2
22,138,5,1,2,-4,-3
22,139,5,4,4,-1,-1
22,140,2,2,2,0,0
22,141,4,1,2,-3,-2
22,142,3,8,6,5,3
22,143,1,6,4,5,3
22,144,2,3,3,1,1
22,145,6,3,4,-3,-2
22,146,4,8,7,4,3
22,147,6,6,6,0,0
22,148,7,8,8,1,1
22,149,2,6,5,4,3
22,150,2,7,5,5,3
22,151,6,2,3,-4,-3
22,152,4,2,3,-2,-1
22,153,3,7,6,4,3
23,1,5,8,7,3,2
23,2,3,5,4,2,1
23,3,3,8,6,5,3
23,4,4,5,5,1,1
23,5,3,6,5,3,2
23,6,1,8,6,7,5
23,7,4,1,2,-3,-2
23,8,8,5,6,-3,-2
23,9,6,7,7,1,1
23,10,8,3,4,-5,-4
23,11,8,5,6,-3,-2
23,12,5,1,2,-4,-3
23,13,1,3,2,2,1
23,14,2,5,4,3,2
23,15,2,4,3,2,1
23,16,5,7,6,2,1
23,17,5,8,7,3,2
23,18,5,5,5,0,0
23,19,5,6,6,1,1
23,20,2,2,2,0,0
23,21,7,6,6,-1,-1
23,22,6,1,2,-5,-4
23,23,5,4,4,-1,-1
23,24,4,6,5,2,1
23,25,7,3,4,-4,-3
23,26,7,6,6,-1,-1
23,27,3,3,3,0,0
23,28,1,2,2,1,1
23,29,5,7,6,2,1
23,30,8,4,5,-4,-3
23,31,3,3,3,0,0
23,32,8,5,6,-3,-2
23,33,2,4,3,2,1
23,34,1,5,4,4,3
23,35,4,4,4,0,0
23,36,3,5,4,2,1
23,37,2,6,5,4,3
23,38,2,3,3,1,1
23,39,8,4,5,-4,-3
23,40,7,5,6,-2,-1
23,41,7,4,5,-3,-2
23,42,8,1,3,-7,-5
23,43,8,5,6,-3,-2
23,44,3,1,2,-2,-1
23,45,2,7,5,5,3
23,46,5,1,2,-4,-3
23,47,1,3,2,2,1
23,48,4,6,5,2,1
23,49,4,2,3,-2,-1
23,50,4,7,6,3,2
23,51,2,6,5,4,3
23,52,1,2,2,1,1
23,53,5,3,4,-2,-1
23,54,6,3,4,-3,-2
23,55,1,3,2,2,1
23,56,1,8,6,7,5
23,57,1,6,4,5,3
23,58,3,4,4,1,1
23,59,5,2,3,-3,-2
23,60,5,5,5,0,0
23,61,1,1,1,0,0
23,62,6,8,7,2,1
23,63,5,5,5,0,0
23,64,3,4,4,1,1
23,65,1,1,1,0,0
23,66,3,1,2,-2,-1
23,67,4,3,3,-1,-1
23,68,4,6,5,2,1
23,69,7,8,8,1,1
23,70,5,3,4,-2,-1
23,71,2,2,2,0,0
23,72,7,2,4,-5,-3
23,73,2,8,6,6,4
23,74,5,8,7,3,2
23,75,3,6,5,3,2
23,76,4,2,3,-2,-1
23,77,2,1,1,-1,-1
23,78,5,3,4,-2,-1
23,79,2,8,6,6,4
23,80,5,8,7,3,2
23,81,6,5,5,-1,-1
23,82,5,6,6,1,1
23,83,6,2,3,-4,-3
23,84,2,1,1,-1,-1
23,85,4,4,4,0,0
23,86,6,4,5,-2,-1
23,87,5,1,2,-4,-3
23,88,5,5,5,0,0
23,89,8,6,7,-2,-1
23,90,2,4,3,2,1
23,91,7,8,8,1,1
23,92,5,4,4,-1,-1
23,93,4,2,3,-2,-1
23,94,2,3,3,1,1
23,95,8,8,8,0,0
23,96,3,6,5,3,2
23,97,4,8,7,4,3
23,98,3,4,4,1,1
23,99,3,4,4,1,1
23,100,1,2,2,1,1
23,101,5,8,7,3,2
23,102,4,1,2,-3,-2
23,103,8,4,5,-4,-3
23,104,1,6,4,5,3
23,105,3,5,4,2,1
23,106,6,3,4,-3,-2
23,107,4,2,3,-2,-1
23,108,5,8,7,3,2
23,109,1,8,6,7,5
23,110,8,4,5,-4,-3
23,111,3,6,5,3,2
23,112,4,5,5,1,1
23,113,8,1,3,-7,-5
23,114,7,3,4,-4,-3
23,115,6,3,4,-3,-2
23,116,3,1,2,-2,-1
23,117,7,6,6,-1,-1
23,118,1,6,4,5,3
23,119,4,1,2,-3,-2
23,120,5,8,7,3,2
23,121,3,5,4,2,1
23,122,5,2,3,-3,-2
23,123,5,1,2,-4,-3
23,124,6,6,6,0,0
23,125,5,1,2,-4,-3
23,126,4,7,6,3,2
23,127,2,8,6,6,4
23,128,8,7,7,-1,-1
23,129,6,2,3,-4,-3
23,130,3,2,2,-1,-1
23,131,8,8,8,0,0
23,132,6,1,2,-5,-4
23,133,4,3,3,-1,-1
23,134,5,2,3,-3,-2
23,135,3,5,4,2,1
23,136,2,7,5,5,3
23,137,7,5,6,-2,-1
23,138,5,1,2,-4,-3
23,139,4,5,5,1,1
23,140,3,6,5,3,2
23,141,7,3,4,-4,-3
23,142,3,5,4,2,1
23,143,2,6,5,4,3
23,144,2,4,3,2,1
23,145,1,2,2,1,1
23,146,6,3,4,-3,-2
23,147,8,7,7,-1,-1
23,148,2,5,4,3,2
23,149,4,1,2,-3,-2
23,150,8,3,4,-5,-4
23,151,6,1,2,-5,-4
23,152,8,5,6,-3,-2
23,153,3,7,6,4,3
24,1,6,6,6,0,0
24,2,8,1,3,-7,-5
24,3,3,7,6,4,3
24,4,4,7,6,3,2
24,5,7,3,4,-4,-3
24,6,1,2,2,1,1
24,7,2,7,5,5,3
24,8,6,8,7,2,1
24,9,5,5,5,0,0
24,10,1,3,2,2,1
24,11,5,8,7,3,2
24,12,3,5,4,2,1
24,13,6,3,4,-3,-2
24,14,2,5,4,3,2
24,15,1,3,2,2,1
24,16,4,3,3,-1,-1
24,17,1,7,5,6,4
24,18,6,2,3,-4,-3
24,19,7,2,4,-5,-3
24,20,7,3,4,-4,-3
24,21,3,2,2,-1,-1
24,22,4,3,3,-1,-1
24,23,5,8,7,3,2
24,24,4,7,6,3,2
24,25,7,4,5,-3,-2
24,26,2,6,5,4,3
24,27,3,6,5,3,2
24,28,8,8,8,0,0
24,29,4,7,6,3,2
24,30,6,6,6,0,0
24,31,4,7,6,3,2
24,32,2,4,3,2,1
24,33,5,2,3,-3,-2
24,34,1,4,3,3,2
24,35,5,1,2,-4,-3
24,36,6,1,2,-5,-4
24,37,3,8,6,5,3
24,38,3,4,4,1,1
24,39,3,1,2,-2,-1
24,40,8,8,8,0,0
24,41,2,6,5,4,3
24,42,5,4,4,-1,-1
24,43,6,2,3,-4,-3
24,44,5,6,6,1,1
24,45,1,8,6,7,5
24,46,7,8,8,1,1
24,47,5,6,6,1,1
24,48,8,5,6,-3,-2
24,49,2,6,5,4,3
24,50,6,8,7,2,1
24,51,6,7,7,1,1
24,52,4,3,3,-1,-1
24,53,4,7,6,3,2
24,54,7,5,6,-2,-1
24,55,3,7,6,4,3
24,56,2,6,5,4,3
24,57,4,3,3,-1,-1
24,58,5,1,2,-4,-3
24,59,1,2,2,1,1
24,60,3,3,3,0,0
24,61,5,4,4,-1,-1
24,62,8,6,7,-2,-1
24,63,2,1,1,-1,-1
24,64,7,6,6,-1,-1
24,65,2,5,4,3,2
24,66,5,6,6,1,1
24,67,3,5,4,2,1
24,68,5,7,6,2,1
24,69,7,5,6,-2,-1
24,70,2,6,5,4,3
24,71,3,4,4,1,1
24,72,8,5,6,-3,-2
24,73,1,2,2,1,1
24,74,1,3,2,2,1
24,75,7,1,3,-6,-4
24,76,4,8,7,4,3
24,77,6,3,4,-3,-2
24,78,7,7,7,0,0
24,79,7,2,4,-5,-3
24,80,3,5,4,2,1
24,81,8,2,4,-6,-4
24,82,1,7,5,6,4
24,83,1,1,1,0,0
24,84,8,3,4,-5,-4
24,85,8,2,4,-6,-4
24,86,4,5,5,1,1
24,87,4,8,7,4,3
24,88,1,6,4,5,3
24,89,5,1,2,-4,-3
24,90,1,1,1,0,0
24,91,2,6,5,4,3
24,92,8,5,6,-3,-2
24,93,5,6,6,1,1
24,94,7,1,3,-6,-4
24,95,8,4,5,-4,-3
24,96,2,5,4,3,2
24,97,4,4,4,0,0
24,98,7,6,6,-1,-1
24,99,6,2,3,-4,-3
24,100,5,4,4,-1,-1
24,101,1,3,2,2,1
24,102,1,5,4,4,3
24,103,3,6,5,3,2
24,104,2,4,3,2,1
24,105,4,5,5,1,1
24,106,2,1,1,-1,-1
24,107,7,7,7,0,0
24,108,8,2,4,-6,-4
24,109,4,8,7,4,3
24,110,2,4,3,2,1
24,111,7,5,6,-2,-1
24,112,2,6,5,4,3
24,113,4,4,4,0,0
24,114,7,2,4,-5,-3
24,115,1,8,6,7,5
24,116,5,5,5,0,0
24,117,8,3,4,-5,-4
24,118,6,6,6,0,0
24,119,8,1,3,-7,-5
24,120,3,3,3,0,0
24,121,3,5,4,2,1
24,122,3,5,4,2,1
24,123,4,4,4,0,0
24,124,1,7,5,6,4
24,125,8,2,4,-6,-4
24,126,6,2,3,-4,-3
24,127,1,1,1,0,0
24,128,8,5,6,-3,-2
24,129,1,4,3,3,2
24,130,6,3,4,-3,-2
24,131,8,6,7,-2,-1
24,132,5,6,6,1,1
24,133,6,8,7,2,1
24,134,3,7,6,4,3
24,135,6,7,7,1,1
24,136,4,5,5,1,1
24,137,5,8,7,3,2
24,138,5,4,4,-1,-1
24,139,2,7,5,5,3
24,140,8,3,4,-5,-4
24,141,5,3,4,-2,-1
24,142,1,6,4,5,3
24,143,7,2,4,-5,-3
24,144,5,1,2,-4,-3
24,145,2,2,2,0,0
24,146,5,1,2,-4,-3
24,147,6,6,6,0,0
24,148,4,8,7,4,3
24,149,2,2,2,0,0
24,150,2,6,5,4,3
24,151,1,3,2,2,1
24,152,8,2,4,-6,-4
24,153,4,2,3,-2,-1
25,1,3,6,5,3,2
25,2,1,4,3,3,2
25,3,1,6,4,5,3
25,4,1,8,6,7,5
25,5,5,4,4,-1,-1
25,6,5,4,4,-1,-1
25,7,5,2,3,-3,-2
25,8,1,1,1,0,0
25,9,1,2,2,1,1
25,10,2,3,3,1,1
25,11,5,8,7,3,2
25,12,5,6,6,1,1
25,13,3,6,5,3,2
25,14,3,4,4,1,1
25,15,1,6,4,5,3
25,16,4,5,5,1,1
25,17,2,2,2,0,0
25,18,7,1,3,-6,-4
25,19,5,6,6,1,1
25,20,7,1,3,-6,-4
25,21,8,5,6,-3,-2
25,22,5,6,6,1,1
25,23,3,3,3,0,0
25,24,4,1,2,-3,-2
25,25,2,5,4,3,2
25,26,5,6,6,1,1
25,27,4,4,4,0,0
25,28,5,5,5,0,0
25,29,1,4,3,3,2
25,30,5,8,7,3,2
25,31,1,4,3,3,2
25,32,4,4,4,0,0
25,33,4,2,3,-2,-1
25,34,7,2,4,-5,-3
25,35,1,2,2,1,1
25,36,8,2,4,-6,-4
25,37,7,4,5,-3,-2
25,38,7,8,8,1,1
25,39,2,7,5,5,3
25,40,4,6,5,2,1
25,41,4,3,3,-1,-1
25,42,5,3,4,-2,-1
25,43,2,6,5,4,3
25,44,5,2,3,-3,-2
25,45,1,1,1,0,0
25,46,6,5,5,-1,-1
25,47,8,5,6,-3,-2
25,48,5,1,2,-4,-3
25,49,5,4,4,-1,-1
25,50,7,8,8,1,1
25,51,8,3,4,-5,-4
25,52,1,4,3,3,2
25,53,8,8,8,0,0
25,54,7,5,6,-2,-1
25,55,6,4,5,-2,-1
25,56,5,3,4,-2,-1
25,57,5,8,7,3,2
25,58,2,6,5,4,3
25,59,2,7,5,5,3
25,60,6,1,2,-5,-4
25,61,1,2,2,1,1
25,62,7,8,8,1,1
25,63,7,2,4,-5,-3
25,64,3,2,2,-1,-1
25,65,8,4,5,-4,-3
25,66,5,5,5,0,0
25,67,6,8,7,2,1
25,68,8,2,4,-6,-4
25,69,3,1,2,-2,-1
25,70,7,4,5,-3,-2
25,71,2,4,3,2,1
25,72,4,6,5,2,1
25,73,1,1,1,0,0
25,74,1,5,4,4,3
25,75,7,2,4,-5,-3
25,76,1,2,2,1,1
25,77,3,1,2,-2,-1
25,78,4,2,3,-2,-1
25,79,6,5,5,-1,-1
25,80,7,3,4,-4,-3
25,81,1,3,2,2,1
25,82,5,1,2,-4,-3
25,83,5,3,4,-2,-1
25,84,7,3,4,-4,-3
25,85,6,5,5,-1,-1
25,86,5,2,3,-3,-2
25,87,3,1,2,-2,-1
25,88,6,5,5,-1,-1
25,89,2,6,5,4,3
25,90,7,3,4,-4,-3
25,91,4,1,2,-3,-2
25,92,7,3,4,-4,-3
25,93,4,8,7,4,3
25,94,3,7,6,4,3
25,95,8,3,4,-5,-4
25,96,8,1,3,-7,-5
25,97,2,6,5,4,3
25,98,2,8,6,6,4
25,99,1,4,3,3,2
25,100,3,5,4,2,1
25,101,5,3,4,-2,-1
25,102,2,6,5,4,3
25,103,5,4,4,-1,-1
25,104,2,6,5,4,3
25,105,7,1,3,-6,-4
25,106,8,6,7,-2,-1
25,107,3,1,2,-2,-1
25,108,2,2,2,0,0
25,109,4,5,5,1,1
25,110,8,6,7,-2,-1
25,111,1,7,5,6,4
25,112,1,1,1,0,0
25,113,1,1,1,0,0
25,114,6,4,5,-2,-1
25,115,4,8,7,4,3
25,116,2,6,5,4,3
25,117,5,6,6,1,1
25,118,2,6,5,4,3
25,119,2,7,5,5,3
25,120,3,2,2,-1,-1
25,121,1,4,3,3,2
25,122,8,6,7,-2,-1
25,123,3,2,2,-1,-1
25,124,2,4,3,2,1
25,125,6,5,5,-1,-1
25,126,1,4,3,3,2
25,127,2,7,5,5,3
25,128,6,8,7,2,1
25,129,7,8,8,1,1
25,130,2,1,1,-1,-1
25,131,4,7,6,3,2
25,132,2,8,6,6,4
25,133,6,7,7,1,1
25,134,3,3,3,0,0
25,135,1,2,2,1,1
25,136,7,8,8,1,1
25,137,5,3,4,-2,-1
25,138,1,3,2,2,1
25,139,5,4,4,-1,-1
25,140,8,3,4,-5,-4
25,141,7,7,7,0,0
25,142,5,6,6,1,1
25,143,8,4,5,-4,-3
25,144,7,3,4,-4,-3
25,145,4,1,2,-3,-2
25,146,4,7,6,3,2
25,147,3,3,3,0,0
25,148,2,4,3,2,1
25,149,2,1,1,-1,-1
25,150,2,5,4,3,2
25,151,2,4,3,2,1
25,152,5,3,4,-2,-1
25,153,7,2,4,-5,-3
26,1,4,1,2,-3,-2
26,2,1,1,1,0,0
26,3,3,5,4,2,1
26,4,5,7,6,2,1
26,5,2,6,5,4,3
26,6,2,2,2,0,0
26,7,1,6,4,5,3
26,8,8,8,8,0,0
26,9,4,1,2,-3,-2
26,10,2,1,1,-1,-1
26,11,2,2,2,0,0
26,12,5,8,7,3,2
26,13,5,4,4,-1,-1
26,14,4,3,3,-1,-1
26,15,8,6,7,-2,-1
26,16,6,2,3,-4,-3
26,17,5,1,2,-4,-3
26,18,6,5,5,-1,-1
26,19,6,4,5,-2,-1
26,20,2,7,5,5,3
26,21,2,4,3,2,1
26,22,1,7,5,6,4
26,23,2,7,5,5,3
26,24,7,7,7,0,0
26,25,8,2,4,-6,-4
26,26,1,5,4,4,3
26,27,1,4,3,3,2
26,28,6,3,4,-3,-2
26,29,5,1,2,-4,-3
26,30,6,2,3,-4,-3
26,31,1,6,4,5,3
26,32,4,5,5,1,1
26,33,1,2,2,1,1
26,34,6,6,6,0,0
26,35,8,7,7,-1,-1
26,36,2,4,3,2,1
26,37,6,3,4,-3,-2
26,38,5,1,2,-4,-3
26,39,6,1,2,-5,-4
26,40,7,7,7,0,0
26,41,8,4,5,-4,-3
26,42,6,1,2,-5,-4
26,43,7,8,8,1,1
26,44,3,2,2,-1,-1
26,45,2,3,3,1,1
26,46,1,3,2,2,1
26,47,3,2,2,-1,-1
26,48,2,6,5,4,3
26,49,1,6,4,5,3
26,50,4,4,4,0,0
26,51,8,7,7,-1,-1
26,52,3,3,3,0,0
26,53,2,3,3,1,1
26,54,5,5,5,0,0
26,55,4,7,6,3,2
26,56,8,4,5,-4,-3
26,57,5,5,5,0,0
26,58,7,7,7,0,0
26,59,5,7,6,2,1
26,60,7,8,8,1,1
26,61,8,8,8,0,0
26,62,3,4,4,1,1
26,63,6,7,7,1,1
26,64,7,5,6,-2,-1
26,65,5,1,2,-4,-3
26,66,1,6,4,5,3
26,67,7,7,7,0,0
26,68,1,3,2,2,1
26,69,8,6,7,-2,-1
26,70,3,2,2,-1,-1
26,71,4,7,6,3,2
26,72,5,5,5,0,0
26,73,4,2,3,-2,-1
26,74,2,5,4,3,2
26,75,6,5,5,-1,-1
26,76,7,4,5,-3,-2
26,77,8,4,5,-4,-3
26,78,6,6,6,0,0
26,79,2,7,5,5,3
26,80,2,6,5,4,3
26,81,2,3,3,1,1
26,82,4,3,3,-1,-1
26,83,7,3,4,-4,-3
26,84,2,3,3,1,1
26,85,8,8,8,0,0
26,86,8,4,5,-4,-3
26,87,5,5,5,0,0
26,88,2,7,5,5,3
26,89,4,5,5,1,1
26,90,2,2,2,0,0
26,91,2,4,3,2,1
26,92,6,5,5,-1,-1
26,93,8,5,6,-3,-2
26,94,8,1,3,-7,-5
26,95,6,3,4,-3,-2
26,96,2,6,5,4,3
26,97,8,3,4,-5,-4
26,98,6,2,3,-4,-3
26,99,3,6,5,3,2
26,100,4,2,3,-2,-1
26,101,7,7,7,0,0
26,102,8,1,3,-7,-5
26,103,2,5,4,3,2
26,104,4,8,7,4,3
26,105,6,2,3,-4,-3
26,106,6,3,4,-3,-2
26,107,5,8,7,3,2
26,108,4,8,7,4,3
26,109,3,7,6,4,3
26,110,8,6,7,-2,-1
26,111,2,8,6,6,4
26,112,3,2,2,-1,-1
26,113,4,2,3,-2,-1
26,114,3,8,6,5,3
26,115,3,6,5,3,2
26,116,7,5,6,-2,-1
26,117,1,8,6,7,5
26,118,6,4,5,-2,-1
26,119,5,1,2,-4,-3
26,120,4,4,4,0,0
26,121,4,6,5,2,1
26,122,3,2,2,-1,-1
26,123,2,1,1,-1,-1
26,124,3,4,4,1,1
26,125,1,1,1,0,0
26,126,2,7,5,5,3
26,127,3,5,4,2,1
26,128,8,5,6,-3,-2
26,129,8,2,4,-6,-4
26,130,2,4,3,2,1
26,131,2,1,1,-1,-1
26,132,7,4,5,-3,-2
26,133,1,4,3,3,2
26,134,5,4,4,-1,-1
26,135,6,7,7,1,1
26,136,3,4,4,1,1
26,137,1,4,3,3,2
26,138,8,8,8,0,0
26,139,4,1,2,-3,-2
26,140,5,3,4,-2,-1
26,141,7,7,7,0,0
26,142,1,5,4,4,3
26,143,4,1,2,-3,-2
26,144,5,8,7,3,2
26,145,2,8,6,6,4
26,146,3,3,3,0,0
26,147,6,7,7,1,1
26,148,2,2,2,0,0
26,149,5,1,2,-4,-3
26,150,4,2,3,-2,-1
26,151,3,7,6,4,3
26,152,1,3,2,2,1
26,153,7,8,8,1,1
27,1,2,6,5,4,3
27,2,7,8,8,1,1
27,3,6,1,2,-5,-4
27,4,5,3,4,-2,-1
27,5,3,4,4,1,1
27,6,8,5,6,-3,-2
27,7,1,7,5,6,4
27,8,4,5,5,1,1
27,9,6,3,4,-3,-2
27,10,6,8,7,2,1
27,11,6,1,2,-5,-4
27,12,5,8,7,3,2
27,13,1,3,2,2,1
27,14,3,6,5,3,2
27,15,7,3,4,-4,-3
27,16,8,6,7,-2,-1
27,17,1,8,6,7,5
27,18,6,2,3,-4,-3
27,19,7,2,4,-5,-3
27,20,1,3,2,2,1
27,21,4,7,6,3,2
27,22,8,5,6,-3,-2
27,23,6,6,6,0,0
27,24,4,4,4,0,0
27,25,2,6,5,4,3
27,26,7,8,8,1,1
27,27,4,3,3,-1,-1
27,28,2,2,2,0,0
27,29,5,8,7,3,2
27,30,3,6,5,3,2
27,31,2,6,5,4,3
27,32,4,7,6,3,2
27,33,5,3,4,-2,-1
27,34,3,4,4,1,1
27,35,1,8,6,7,5
27,36,6,2,3,-4,-3
27,37,2,6,5,4,3
27,38,6,2,3,-4,-3
27,39,8,6,7,-2,-1
27,40,6,6,6,0,0
27,41,1,6,4,5,3
27,42,6,3,4,-3,-2
27,43,2,1,1,-1,-1
27,44,8,7,7,-1,-1
27,45,2,6,5,4,3
27,46,7,5,6,-2,-1
27,47,7,7,7,0,0
27,48,2,3,3,1,1
27,49,7,3,4,-4,-3
27,50,5,2,3,-3,-2
27,51,8,3,4,-5,-4
27,52,6,5,5,-1,-1
27,53,1,2,2,1,1
27,54,1,6,4,5,3
27,55,3,2,2,-1,-1
27,56,4,3,3,-1,-1
27,57,4,4,4,0,0
27,58,5,6,6,1,1
27,59,8,8,8,0,0
27,60,4,6,5,2,1
27,61,2,2,2,0,0
27,62,1,1,1,0,0
27,63,2,3,3,1,1
27,64,1,7,5,6,4
27,65,2,6,5,4,3
27,66,5,4,4,-1,-1
27,67,6,6,6,0,0
27,68,4,1,2,-3,-2
27,69,1,6,4,5,3
27,70,5,3,4,-2,-1
27,71,1,2,2,1,1
27,72,1,6,4,5,3
27,73,2,5,4,3,2
27,74,4,4,4,0,0
27,75,6,2,3,-4,-3
27,76,5,1,2,-4,-3
27,77,4,6,5,2,1
27,78,1,7,5,6,4
27,79,7,7,7,0,0
27,80,8,5,6,-3,-2
27,81,7,4,5,-3,-2
27,82,7,4,5,-3,-2
27,83,5,3,4,-2,-1
27,84,3,8,6,5,3
27,85,6,3,4,-3,-2
27,86,4,3,3,-1,-1
27,87,6,7,7,1,1
27,88,8,8,8,0,0
27,89,4,2,3,-2,-1
27,90,2,3,3,1,1
27,91,4,7,6,3,2
27,92,2,1,1,-1,-1
27,93,5,8,7,3,2
27,94,2,6,5,4,3
27,95,5,1,2,-4,-3
27,96,7,4,5,-3,-2
27,97,1,5,4,4,3
27,98,3,4,4,1,1
27,99,6,4,5,-2,-1
27,100,7,2,4,-5,-3
27,101,1,8,6,7,5
27,102,5,8,7,3,2
27,103,4,7,6,3,2
27,104,4,8,7,4,3
27,105,3,2,2,-1,-1
27,106,2,1,1,-1,-1
27,107,7,5,6,-2,-1
27,108,3,7,6,4,3
27,109,6,8,7,2,1
27,110,3,6,5,3,2
27,111,3,2,2,-1,-1
27,112,8,3,4,-5,-4
27,113,1,4,3,3,2
27,114,3,3,3,0,0
27,115,1,4,3,3,2
27,116,7,7,7,0,0
27,117,2,2,2,0,0
27,118,2,5,4,3,2
27,119,8,6,7,-2,-1
27,120,4,2,3,-2,-1
27,121,8,3,4,-5,-4
27,122,6,4,5,-2,-1
27,123,2,4,3,2,1
27,124,2,8,6,6,4
27,125,6,3,4,-3,-2
27,126,4,7,6,3,2
27,127,5,6,6,1,1
27,128,5,2,3,-3,-2
27,129,6,8,7,2,1
27,130,6,7,7,1,1
27,131,6,6,6,0,0
27,132,4,6,5,2,1
27,133,1,2,2,1,1
27,134,8,8,8,0,0
27,135,8,7,7,-1,-1
27,136,4,5,5,1,1
27,137,7,3,4,-4,-3
27,138,2,7,5,5,3
27,139,3,8,6,5,3
27,140,5,8,7,3,2
27,141,5,2,3,-3,-2
27,142,3,5,4,2,1
27,143,6,5,5,-1,-1
27,144,5,3,4,-2,-1
27,145,1,1,1,0,0
27,146,7,5,6,-2,-1
27,147,5,4,4,-1,-1
27,148,5,1,2,-4,-3
27,149,1,1,1,0,0
27,150,1,5,4,4,3
27,151,1,6,4,5,3
27,152,2,3,3,1,1
27,153,7,6,6,-1,-1
28,1,1,8,6,7,5
28,2,6,7,7,1,1
28,3,8,4,5,-4,-3
28,4,8,2,4,-6,-4
28,5,4,6,5,2,1
28,6,5,7,6,2,1
28,7,5,3,4,-2,-1
28,8,4,7,6,3,2
28,9,4,2,3,-2,-1
28,10,1,1,1,0,0
28,11,5,1,2,-4,-3
28,12,2,6,5,4,3
28,13,7,1,3,-6,-4
28,14,1,7,5,6,4
28,15,7,3,4,-4,-3
28,16,7,3,4,-4,-3
28,17,3,2,2,-1,-1
28,18,8,3,4,-5,-4
28,19,7,6,6,-1,-1
28,20,5,7,6,2,1
28,21,6,5,5,-1,-1
28,22,1,5,4,4,3
28,23,3,7,6,4,3
28,24,1,4,3,3,2
28,25,6,3,4,-3,-2
28,26,3,1,2,-2,-1
28,27,4,8,7,4,3
28,28,2,3,3,1,1
28,29,8,3,4,-5,-4
28,30,1,5,4,4,3
28,31,5,1,2,-4,-3
28,32,5,7,6,2,1
28,33,2,7,5,5,3
28,34,1,4,3,3,2
28,35,1,6,4,5,3
28,36,6,3,4,-3,-2
28,37,3,2,2,-1,-1
28,38,8,5,6,-3,-2
28,39,1,4,3,3,2
28,40,6,3,4,-3,-2
28,41,5,1,2,-4,-3
28,42,3,4,4,1,1
28,43,4,2,3,-2,-1
28,44,5,1,2,-4,-3
28,45,2,6,5,4,3
28,46,8,5,6,-3,-2
28,47,8,5,6,-3,-2
28,48,5,4,4,-1,-1
28,49,2,6,5,4,3
28,50,6,4,5,-2,-1
28,51,6,5,5,-1,-1
28,52,8,7,7,-1,-1
28,53,3,2,2,-1,-1
28,54,8,1,3,-7,-5
28,55,8,2,4,-6,-4
28,56,8,3,4,-5,-4
28,57,7,3,4,-4,-3
28,58,3,3,3,0,0
28,59,3,7,6,4,3
28,60,2,8,6,6,4
28,61,6,6,6,0,0
28,62,7,2,4,-5,-3
28,63,8,1,3,-7,-5
28,64,8,3,4,-5,-4
28,65,3,8,6,5,3
28,66,7,1,3,-6,-4
28,67,2,4,3,2,1
28,68,6,6,6,0,0
28,69,3,6,5,3,2
28,70,1,3,2,2,1
28,71,8,8,8,0,0
28,72,4,8,7,4,3
28,73,1,5,4,4,3
28,74,3,6,5,3,2
28,75,2,6,5,4,3
28,76,4,6,5,2,1
28,77,3,2,2,-1,-1
28,78,3,7,6,4,3
28,79,6,1,2,-5,-4
28,80,8,7,7,-1,-1
28,81,5,3,4,-2,-1
28,82,1,4,3,3,2
28,83,7,3,4,-4,-3
28,84,6,5,5,-1,-1
28,85,3,1,2,-2,-1
28,86,3,3,3,0,0
28,87,1,6,4,5,3
28,88,3,2,2,-1,-1
28,89,8,3,4,-5,-4
28,90,4,3,3,-1,-1
28,91,1,6,4,5,3
28,92,6,5,5,-1,-1
28,93,1,6,4,5,3
28,94,6,2,3,-4,-3
28,95,1,3,2,2,1
28,96,6,6,6,0,0
28,97,4,3,3,-1,-1
28,98,2,7,5,5,3
28,99,6,5,5,-1,-1
28,100,2,2,2,0,0
28,101,6,1,2,-5,-4
28,102,7,6,6,-1,-1
28,103,2,6,5,4,3
28,104,4,1,2,-3,-2
28,105,7,3,4,-4,-3
28,106,2,3,3,1,1
28,107,4,5,5,1,1
28,108,6,1,2,-5,-4
28,109,1,8,6,7,5
28,110,4,2,3,-2,-1
28,111,4,2,3,-2,-1
28,112,6,7,7,1,1
28,113,4,6,5,2,1
28,114,2,4,3,2,1
28,115,5,8,7,3,2
28,116,7,8,8,1,1
28,117,6,3,4,-3,-2
28,118,3,6,5,3,2
28,119,3,3,3,0,0
28,120,5,8,7,3,2
28,121,7,6,6,-1,-1
28,122,4,8,7,4,3
28,123,4,4,4,0,0
28,124,8,2,4,-6,-4
28,125,3,5,4,2,1
28,126,2,6,5,4,3
28,127,7,1,3,-6,-4
28,128,6,8,7,2,1
28,129,7,2,4,-5,-3
28,130,5,4,4,-1,-1
28,131,1,5,4,4,3
28,132,5,2,3,-3,-2
28,133,7,6,6,-1,-1
28,134,3,8,6,5,3
28,135,6,3,4,-3,-2
28,136,7,5,6,-2,-1
28,137,5,5,5,0,0
28,138,6,3,4,-3,-2
28,139,7,4,5,-3,-2
28,140,3,6,5,3,2
28,141,7,5,6,-2,-1
28,142,2,7,5,5,3
28,143,2,2,2,0,0
28,144,8,2,4,-6,-4
28,145,5,3,4,-2,-1
28,146,3,1,2,-2,-1
28,147,6,8,7,2,1
28,148,3,7,6,4,3
28,149,2,5,4,3,2
28,150,2,6,5,4,3
28,151,6,2,3,-4,-3
28,152,5,2,3,-3,-2
28,153,2,4,3,2,1
29,1,8,5,6,-3,-2
29,2,8,5,6,-3,-2
29,3,8,3,4,-5,-4
29,4,7,5,6,-2,-1
29,5,1,5,4,4,3
29,6,2,3,3,1,1
29,7,4,1,2,-3,-2
29,8,1,2,2,1,1
29,9,1,2,2,1,1
29,10,1,8,6,7,5
29,11,3,7,6,4,3
29,12,8,2,4,-6,-4
29,13,8,6,7,-2,-1
29,14,3,2,2,-1,-1
29,15,2,2,2,0,0
29,16,7,3,4,-4,-3
29,17,5,4,4,-1,-1
29,18,6,3,4,-3,-2
29,19,7,6,6,-1,-1
29,20,3,5,4,2,1
29,21,1,6,4,5,3
29,22,7,7,7,0,0
29,23,6,6,6,0,0
29,24,2,4,3,2,1
29,25,3,6,5,3,2
29,26,3,7,6,4,3
29,27,5,7,6,2,1
29,28,2,2,2,0,0
29,29,6,1,2,-5,-4
29,30,7,7,7,0,0
29,31,7,8,8,1,1
29,32,3,3,3,0,0
29,33,8,7,7,-1,-1
29,34,8,8,8,0,0
29,35,1,2,2,1,1
29,36,5,7,6,2,1
29,37,7,1,3,-6,-4
29,38,1,6,4,5,3
29,39,5,7,6,2,1
29,40,3,8,6,5,3
29,41,6,5,5,-1,-1
29,42,4,7,6,3,2
29,43,1,5,4,4,3
29,44,2,2,2,0,0
29,45,3,3,3,0,0
29,46,1,3,2,2,1
29,47,2,8,6,6,4
29,48,3,1,2,-2,-1
29,49,7,2,4,-5,-3
29,50,4,8,7,4,3
29,51,2,8,6,6,4
29,52,6,4,5,-2,-1
29,53,3,8,6,5,3
29,54,5,6,6,1,1
29,55,6,5,5,-1,-1
29,56,5,6,6,1,1
29,57,4,1,2,-3,-2
29,58,5,3,4,-2,-1
29,59,1,7,5,6,4
29,60,3,4,4,1,1
29,61,6,7,7,1,1
29,62,8,7,7,-1,-1
29,63,3,1,2,-2,-1
29,64,7,8,8,1,1
29,65,7,1,3,-6,-4
29,66,3,8,6,5,3
29,67,8,8,8,0,0
29,68,2,2,2,0,0
29,69,7,8,8,1,1
29,70,8,4,5,-4,-3
29,71,7,5,6,-2,-1
29,72,6,3,4,-3,-2
29,73,3,7,6,4,3
29,74,7,4,5,-3,-2
29,75,3,8,6,5,3
29,76,4,4,4,0,0
29,77,4,4,4,0,0
29,78,3,6,5,3,2
29,79,8,1,3,-7,-5
29,80,1,8,6,7,5
29,81,4,4,4,0,0
29,82,7,2,4,-5,-3
29,83,6,8,7,2,1
29,84,1,6,4,5,3
29,85,5,4,4,-1,-1
29,86,8,1,3,-7,-5
29,87,2,6,5,4,3
29,88,3,1,2,-2,-1
29,89,1,6,4,5,3
29,90,1,6,4,5,3
29,91,2,4,3,2,1
29,92,4,2,3,-2,-1
29,93,4,4,4,0,0
29,94,3,7,6,4,3
29,95,6,2,3,-4,-3
29,96,5,7,6,2,1
29,97,1,3,2,2,1
29,98,8,1,3,-7,-5
29,99,5,8,7,3,2
29,100,2,5,4,3,2
29,101,4,8,7,4,3
29,102,1,6,4,5,3
29,103,5,2,3,-3,-2
29,104,5,8,7,3,2
29,105,7,7,7,0,0
29,106,2,6,5,4,3
29,107,4,2,3,-2,-1
29,108,2,6,5,4,3
29,109,5,1,2,-4,-3
29,110,8,4,5,-4,-3
29,111,1,2,2,1,1
29,112,3,5,4,2,1
29,113,5,8,7,3,2
29,114,3,6,5,3,2
29,115,1,8,6,7,5
29,116,7,4,5,-3,-2
29,117,6,1,2,-5,-4
29,118,1,7,5,6,4
29,119,8,6,7,-2,-1
29,120,4,8,7,4,3
29,121,1,7,5,6,4
29,122,2,4,3,2,1
29,123,6,7,7,1,1
29,124,2,5,4,3,2
29,125,7,6,6,-1,-1
29,126,2,5,4,3,2
29,127,1,6,4,5,3
29,128,2,1,1,-1,-1
29,129,3,3,3,0,0
29,130,2,7,5,5,3
29,131,4,6,5,2,1
29,132,6,3,4,-3,-2
29,133,5,5,5,0,0
29,134,6,2,3,-4,-3
29,135,1,7,5,6,4
29,136,7,2,4,-5,-3
29,137,3,3,3,0,0
29,138,6,7,7,1,1
29,139,3,3,3,0,0
29,140,5,2,3,-3,-2
29,141,1,1,1,0,0
29,142,4,6,5,2,1
29,143,2,1,1,-1,-1
29,144,1,7,5,6,4
29,145,1,2,2,1,1
29,146,4,7,6,3,2
29,147,3,4,4,1,1
29,148,2,3,3,1,1
29,149,7,2,4,-5,-3
29,150,5,5,5,0,0
29,151,6,3,4,-3,-2
29,152,6,2,3,-4,-3
29,153,3,7,6,4,3
30,1,6,5,5,-1,-1
30,2,6,3,4,-3,-2
30,3,1,4,3,3,2
30,4,8,8,8,0,0
30,5,7,6,6,-1,-1
30,6,7,3,4,-4,-3
30,7,4,4,4,0,0
30,8,7,3,4,-4,-3
30,9,6,8,7,2,1
30,10,1,7,5,6,4
30,11,8,6,7,-2,-1
30,12,4,2,3,-2,-1
30,13,8,2,4,-6,-4
30,14,2,8,6,6,4
30,15,6,6,6,0,0
30,16,4,5,5,1,1
30,17,5,2,3,-3,-2
30,18,8,2,4,-6,-4
30,19,6,8,7,2,1
30,20,7,5,6,-2,-1
30,21,8,6,7,-2,-1
30,22,4,8,7,4,3
30,23,8,1,3,-7,-5
30,24,1,8,6,7,5
30,25,6,1,2,-5,-4
30,26,2,1,1,-1,-1
30,27,8,5,6,-3,-2
30,28,1,8,6,7,5
30,29,8,8,8,0,0
30,30,6,6,6,0,0
30,31,5,5,5,0,0
30,32,7,2,4,-5,-3
30,33,5,4,4,-1,-1
30,34,8,6,7,-2,-1
30,35,4,1,2,-3,-2
30,36,8,5,6,-3,-2
30,37,5,2,3,-3,-2
30,38,4,3,3,-1,-1
30,39,6,5,5,-1,-1
30,40,2,6,5,4,3
30,41,4,4,4,0,0
30,42,6,1,2,-5,-4
30,43,5,4,4,-1,-1
30,44,3,2,2,-1,-1
30,45,3,1,2,-2,-1
30,46,5,6,6,1,1
30,47,6,1,2,-5,-4
30,48,6,7,7,1,1
30,49,7,8,8,1,1
30,50,4,4,4,0,0
30,51,8,1,3,-7,-5
30,52,3,8,6,5,3
30,53,5,3,4,-2,-1
30,54,5,5,5,0,0
30,55,6,4,5,-2,-1
30,56,3,7,6,4,3
30,57,2,1,1,-1,-1
30,58,6,1,2,-5,-4
30,59,1,1,1,0,0
30,60,3,3,3,0,0
30,61,8,7,7,-1,-1
30,62,4,2,3,-2,-1
30,63,4,7,6,3,2
30,64,2,1,1,-1,-1
30,65,2,7,5,5,3
30,66,2,1,1,-1,-1
30,67,8,6,7,-2,-1
30,68,8,4,5,-4,-3
30,69,4,7,6,3,2
30,70,6,7,7,1,1
30,71,1,1,1,0,0
30,72,8,8,8,0,0
30,73,8,1,3,-7,-5
30,74,1,2,2,1,1
30,75,8,7,7,-1,-1
30,76,4,3,3,-1,-1
30,77,1,4,3,3,2
30,78,3,7,6,4,3
30,79,4,3,3,-1,-1
30,80,5,8,7,3,2
30,81,2,7,5,5,3
30,82,8,3,4,-5,-4
30,83,5,2,3,-3,-2
30,84,6,7,7,1,1
30,85,4,8,7,4,3
30,86,1,2,2,1,1
30,87,2,7,5,5,3
30,88,3,6,5,3,2
30,89,7,1,3,-6,-4
30,90,4,4,4,0,0
30,91,1,5,4,4,3
30,92,4,4,4,0,0
30,93,1,2,2,1,1
30,94,5,1,2,-4,-3
30,95,4,3,3,-1,-1
30,96,7,2,4,-5,-3
30,97,6,7,7,1,1
30,98,8,6,7,-2,-1
30,99,6,4,5,-2,-1
30,100,2,8,6,6,4
30,101,4,6,5,2,1
30,102,1,2,2,1,1
30,103,2,5,4,3,2
30,104,3,4,4,1,1
30,105,3,8,6,5,3
30,106,1,7,5,6,4
30,107,6,6,6,0,0
30,108,6,2,3,-4,-3
30,109,5,5,5,0,0
30,110,4,1,2,-3,-2
30,111,3,4,4,1,1
30,112,1,6,4,5,3
30,113,8,7,7,-1,-1
30,114,3,1,2,-2,-1
30,115,1,1,1,0,0
30,116,1,6,4,5,3
30,117,6,1,2,-5,-4
30,118,5,8,7,3,2
30,119,8,2,4,-6,-4
30,120,2,6,5,4,3
30,121,5,7,6,2,1
30,122,5,2,3,-3,-2
30,123,8,2,4,-6,-4
30,124,2,3,3,1,1
30,125,5,2,3,-3,-2
30,126,3,3,3,0,0
30,127,6,3,4,-3,-2
30,128,3,2,2,-1,-1
30,129,1,7,5,6,4
30,130,8,5,6,-3,-2
30,131,6,2,3,-4,-3
30,132,2,6,5,4,3
30,133,1,8,6,7,5
30,134,8,5,6,-3,-2
30,135,8,7,7,-1,-1
30,136,1,1,1,0,0
30,137,4,5,5,1,1
30,138,2,3,3,1,1
30,139,3,8,6,5,3
30,140,2,4,3,2,1
30,141,6,8,7,2,1
30,142,4,2,3,-2,-1
30,143,1,1,1,0,0
30,144,3,6,5,3,2
30,145,6,3,4,-3,-2
30,146,1,2,2,1,1
30,147,1,5,4,4,3
30,148,2,4,3,2,1
30,149,6,4,5,-2,-1
30,150,3,6,5,3,2
30,151,7,5,6,-2,-1
30,152,6,4,5,-2,-1
30,153,7,3,4,-4,-3
31,1,1,7,5,6,4
31,2,1,7,5,6,4
31,3,3,7,6,4,3
31,4,5,5,5,0,0
31,5,6,1,2,-5,-4
31,6,8,4,5,-4,-3
31,7,2,8,6,6,4
31,8,2,4,3,2,1
31,9,6,4,5,-2,-1
31,10,2,1,1,-1,-1
31,11,8,3,4,-5,-4
31,12,6,5,5,-1,-1
31,13,5,7,6,2,1
31,14,4,8,7,4,3
31,15,8,3,4,-5,-4
31,16,7,7,7,0,0
31,17,7,7,7,0,0
31,18,8,2,4,-6,-4
31,19,1,8,6,7,5
31,20,2,5,4,3,2
31,21,3,6,5,3,2
31,22,3,5,4,2,1
31,23,3,8,6,5,3
31,24,8,3,4,-5,-4
31,25,3,8,6,5,3
31,26,1,4,3,3,2
31,27,2,1,1,-1,-1
31,28,1,1,1,0,0
31,29,6,7,7,1,1
31,30,6,1,2,-5,-4
31,31,8,8,8,0,0
31,32,8,2,4,-6,-4
31,33,5,4,4,-1,-1
31,34,2,5,4,3,2
31,35,4,5,5,1,1
31,36,5,4,4,-1,-1
31,37,5,5,5,0,0
31,38,8,6,7,-2,-1
31,39,6,3,4,-3,-2
31,40,1,6,4,5,3
31,41,6,3,4,-3,-2
31,42,6,2,3,-4,-3
31,43,6,2,3,-4,-3
31,44,7,3,4,-4,-3
31,45,5,4,4,-1,-1
31,46,1,2,2,1,1
31,47,8,5,6,-3,-2
31,48,4,7,6,3,2
31,49,1,5,4,4,3
31,50,3,1,2,-2,-1
31,51,7,6,6,-1,-1
31,52,5,5,5,0,0
31,53,4,8,7,4,3
31,54,7,4,5,-3,-2
31,55,3,5,4,2,1
31,56,2,6,5,4,3
31,57,1,3,2,2,1
31,58,5,1,2,-4,-3
31,59,2,2,2,0,0
31,60,3,2,2,-1,-1
31,61,8,5,6,-3,-2
31,62,8,1,3,-7,-5
31,63,5,5,5,0,0
31,64,7,1,3,-6,-4
31,65,4,7,6,3,2
31,66,2,3,3,1,1
31,67,1,6,4,5,3
31,68,1,6,4,5,3
31,69,5,8,7,3,2
31,70,1,7,5,6,4
31,71,2,5,4,3,2
31,72,2,2,2,0,0
31,73,3,6,5,3,2
31,74,4,4,4,0,0
31,75,7,1,3,-6,-4
31,76,3,8,6,5,3
31,77,2,3,3,1,1
31,78,5,2,3,-3,-2
31,79,8,5,6,-3,-2
31,80,7,2,4,-5,-3
31,81,2,8,6,6,4
31,82,5,8,7,3,2
31,83,1,3,2,2,1
31,84,3,2,2,-1,-1
31,85,7,7,7,0,0
31,86,2,6,5,4,3
31,87,5,4,4,-1,-1
31,88,7,6,6,-1,-1
31,89,3,1,2,-2,-1
31,90,6,8,7,2,1
31,91,4,8,7,4,3
31,92,7,5,6,-2,-1
31,93,1,1,1,0,0
31,94,3,4,4,1,1
31,95,1,4,3,3,2
31,96,2,5,4,3,2
31,97,4,1,2,-3,-2
31,98,1,5,4,4,3
31,99,5,5,5,0,0
31,100,5,7,6,2,1
31,101,3,1,2,-2,-1
31,102,2,1,1,-1,-1
31,103,8,6,7,-2,-1
31,104,1,5,4,4,3
31,105,6,5,5,-1,-1
31,106,5,4,4,-1,-1
31,107,5,4,4,-1,-1
31,108,8,8,8,0,0
31,109,7,7,7,0,0
31,110,4,8,7,4,3
31,111,7,3,4,-4,-3
31,112,3,6,5,3,2
31,113,3,4,4,1,1
31,114,8,2,4,-6,-4
31,115,6,5,5,-1,-1
31,116,7,5,6,-2,-1
31,117,5,1,2,-4,-3
31,118,8,7,7,-1,-1
31,119,4,7,6,3,2
31,120,4,6,5,2,1
31,121,7,7,7,0,0
31,122,5,5,5,0,0
31,123,6,1,2,-5,-4
31,124,1,1,1,0,0
31,125,1,5,4,4,3
31,126,6,1,2,-5,-4
31,127,1,8,6,7,5
31,128,4,7,6,3,2
31,129,6,1,2,-5,-4
31,130,7,1,3,-6,-4
31,131,3,4,4,1,1
31,132,7,6,6,-1,-1
31,133,2,6,5,4,3
31,134,2,2,2,0,0
31,135,8,2,4,-6,-4
31,136,7,4,5,-3,-2
31,137,5,5,5,0,0
31,138,7,6,6,-1,-1
31,139,3,2,2,-1,-1
31,140,8,2,4,-6,-4
31,141,7,1,3,-6,-4
31,142,3,3,3,0,0
31,143,5,8,7,3,2
31,144,5,4,4,-1,-1
31,145,2,4,3,2,1
31,146,6,3,4,-3,-2
31,147,5,3,4,-2,-1
31,148,2,8,6,6,4
31,149,2,8,6,6,4
31,150,6,4,5,-2,-1
31,151,6,5,5,-1,-1
31,152,4,6,5,2,1
31,153,7,2,4,-5,-3
32,1,8,3,4,-5,-4
32,2,4,1,2,-3,-2
32,3,7,3,4,-4,-3
32,4,2,7,5,5,3
32,5,5,4,4,-1,-1
32,6,1,1,1,0,0
32,7,3,8,6,5,3
32,8,2,8,6,6,4
32,9,1,3,2,2,1
32,10,8,8,8,0,0
32,11,3,2,2,-1,-1
32,12,3,4,4,1,1
32,13,4,5,5,1,1
32,14,5,5,5,0,0
32,15,5,7,6,2,1
32,16,3,2,2,-1,-1
32,17,4,5,5,1,1
32,18,8,2,4,-6,-4
32,19,5,2,3,-3,-2
32,20,6,2,3,-4,-3
32,21,3,2,2,-1,-1
32,22,2,4,3,2,1
32,23,7,2,4,-5,-3
32,24,8,4,5,-4,-3
32,25,2,8,6,6,4
32,26,3,5,4,2,1
32,27,4,4,4,0,0
32,28,1,2,2,1,1
32,29,2,6,5,4,3
32,30,2,2,2,0,0
32,31,4,8,7,4,3
32,32,4,6,5,2,1
32,33,7,2,4,-5,-3
32,34,2,8,6,6,4
32,35,7,2,4,-5,-3
32,36,4,2,3,-2,-1
32,37,8,7,7,-1,-1
32,38,1,1,1,0,0
32,39,6,2,3,-4,-3
32,40,7,2,4,-5,-3
32,41,4,5,5,1,1
32,42,3,4,4,1,1
32,43,1,3,2,2,1
32,44,1,4,3,3,2
32,45,1,5,4,4,3
32,46,6,2,3,-4,-3
32,47,7,3,4,-4,-3
32,48,2,5,4,3,2
32,49,8,3,4,-5,-4
32,50,1,6,4,5,3
32,51,2,2,2,0,0
32,52,8,4,5,-4,-3
32,53,2,6,5,4,3
32,54,7,3,4,-4,-3
32,55,2,8,6,6,4
32,56,8,8,8,0,0
32,57,6,3,4,-3,-2
32,58,1,6,4,5,3
32,59,3,4,4,1,1
32,60,5,1,2,-4,-3
32,61,6,5,5,-1,-1
32,62,1,3,2,2,1
32,63,6,3,4,-3,-2
32,64,1,3,2,2,1
32,65,4,2,3,-2,-1
32,66,6,7,7,1,1
32,67,3,2,2,-1,-1
32,68,4,6,5,2,1
32,69,1,8,6,7,5
32,70,6,5,5,-1,-1
32,71,1,4,3,3,2
32,72,7,7,7,0,0
32,73,8,3,4,-5,-4
32,74,8,7,7,-1,-1
32,75,4,4,4,0,0
32,76,1,4,3,3,2
32,77,5,2,3,-3,-2
32,78,7,6,6,-1,-1
32,79,7,5,6,-2,-1
32,80,3,3,3,0,0
32,81,7,4,5,-3,-2
32,82,8,1,3,-7,-5
32,83,8,5,6,-3,-2
32,84,6,6,6,0,0
32,85,4,7,6,3,2
32,86,6,8,7,2,1
32,87,5,8,7,3,2
32,88,3,3,3,0,0
32,89,2,1,1,-1,-1
32,90,6,4,5,-2,-1
32,91,7,8,8,1,1
32,92,3,4,4,1,1
32,93,2,3,3,1,1
32,94,4,3,3,-1,-1
32,95,6,5,5,-1,-1
32,96,8,3,4,-5,-4
32,97,1,6,4,5,3
32,98,6,6,6,0,0
32,99,8,5,6,-3,-2
32,100,1,6,4,5,3
32,101,8,5,6,-3,-2
32,102,8,2,4,-6,-4
32,103,4,7,6,3,2
32,104,4,8,7,4,3
32,105,6,7,7,1,1
32,106,3,1,2,-2,-1
32,107,7,3,4,-4,-3
32,108,4,5,5,1,1
32,109,6,1,2,-5,-4
32,110,7,3,4,-4,-3
32,111,6,1,2,-5,-4
32,112,4,6,5,2,1
32,113,5,5,5,0,0
32,114,4,8,7,4,3
32,115,1,8,6,7,5
32,116,5,6,6,1,1
32,117,4,1,2,-3,-2
32,118,4,7,6,3,2
32,119,6,3,4,-3,-2
32,120,5,8,7,3,2
32,121,7,3,4,-4,-3
32,122,8,4,5,-4,-3
32,123,6,4,5,-2,-1
32,124,6,3,4,-3,-2
32,125,1,2,2,1,1
32,126,1,8,6,7,5
32,127,7,2,4,-5,-3
32,128,5,1,2,-4,-3
32,129,2,2,2,0,0
32,130,6,1,2,-5,-4
32,131,6,4,5,-2,-1
32,132,5,1,2,-4,-3
32,133,3,5,4,2,1
32,134,5,1,2,-4,-3
32,135,2,8,6,6,4
32,136,7,5,6,-2,-1
32,137,1,5,4,4,3
32,138,1,4,3,3,2
32,139,8,2,4,-6,-4
32,140,8,7,7,-1,-1
32,141,1,3,2,2,1
32,142,2,7,5,5,3
32,143,6,2,3,-4,-3
32,144,1,5,4,4,3
32,145,3,3,3,0,0
32,146,1,7,5,6,4
32,147,5,4,4,-1,-1
32,148,1,4,3,3,2
32,149,3,5,4,2,1
32,150,6,8,7,2,1
32,151,7,2,4,-5,-3
32,152,6,4,5,-2,-1
32,153,7,1,3,-6,-4
33,1,7,6,6,-1,-1
33,2,6,4,5,-2,-1
33,3,7,4,5,-3,-2
33,4,3,2,2,-1,-1
33,5,3,4,4,1,1
33,6,5,8,7,3,2
33,7,5,5,5,0,0
33,8,5,3,4,-2,-1
33,9,1,7,5,6,4
33,10,5,7,6,2,1
33,11,2,5,4,3,2
33,12,7,6,6,-1,-1
33,13,3,8,6,5,3
33,14,3,4,4,1,1
33,15,7,3,4,-4,-3
33,16,8,5,6,-3,-2
33,17,4,3,3,-1,-1
33,18,8,7,7,-1,-1
33,19,3,4,4,1,1
33,20,6,3,4,-3,-2
33,21,6,6,6,0,0
33,22,3,3,3,0,0
33,23,2,3,3,1,1
33,24,4,4,4,0,0
33,25,1,5,4,4,3
33,26,5,8,7,3,2
33,27,2,1,1,-1,-1
33,28,3,1,2,-2,-1
33,29,2,3,3,1,1
33,30,6,7,7,1,1
33,31,6,8,7,2,1
33,32,2,6,5,4,3
33,33,4,8,7,4,3
33,34,8,7,7,-1,-1
33,35,7,3,4,-4,-3
33,36,4,3,3,-1,-1
33,37,8,6,7,-2,-1
33,38,7,2,4,-5,-3
33,39,2,1,1,-1,-1
33,40,2,6,5,4,3
33,41,3,7,6,4,3
33,42,4,3,3,-1,-1
33,43,4,7,6,3,2
33,44,7,4,5,-3,-2
33,45,5,2,3,-3,-2
33,46,2,3,3,1,1
33,47,6,1,2,-5,-4
33,48,7,5,6,-2,-1
33,49,5,1,2,-4,-3
33,50,5,1,2,-4,-3
33,51,5,5,5,0,0
33,52,8,6,7,-2,-1
33,53,8,6,7,-2,-1
33,54,6,4,5,-2,-1
33,55,1,4,3,3,2
33,56,3,1,2,-2,-1
33,57,8,2,4,-6,-4
33,58,2,3,3,1,1
33,59,1,8,6,7,5
33,60,5,5,5,0,0
33,61,8,6,7,-2,-1
33,62,7,3,4,-4,-3
33,63,8,5,6,-3,-2
33,64,5,7,6,2,1
33,65,4,7,6,3,2
33,66,2,4,3,2,1
33,67,6,3,4,-3,-2
33,68,7,5,6,-2,-1
33,69,5,8,7,3,2
33,70,1,6,4,5,3
33,71,8,8,8,0,0
33,72,7,7,7,0,0
33,73,7,6,6,-1,-1
33,74,7,4,5,-3,-2
33,75,8,8,8,0,0
33,76,2,6,5,4,3
33,77,4,7,6,3,2
33,78,1,3,2,2,1
33,79,5,4,4,-1,-1
33,80,5,4,4,-1,-1
33,81,6,2,3,-4,-3
33,82,1,7,5,6,4
33,83,3,8,6,5,3
33,84,5,1,2,-4,-3
33,85,3,2,2,-1,-1
33,86,1,8,6,7,5
33,87,7,4,5,-3,-2
33,88,1,5,4,4,3
33,89,7,6,6,-1,-1
33,90,3,1,2,-2,-1
33,91,2,8,6,6,4
33,92,3,1,2,-2,-1
33,93,5,3,4,-2,-1
33,94,7,4,5,-3,-2
33,95,2,5,4,3,2
33,96,6,4,5,-2,-1
33,97,5,2,3,-3,-2
33,98,8,5,6,-3,-2
33,99,4,2,3,-2,-1
33,100,7,4,5,-3,-2
33,101,6,8,7,2,1
33,102,1,3,2,2,1
33,103,7,1,3,-6,-4
33,104,7,8,8,1,1
33,105,7,3,4,-4,-3
33,106,7,3,4,-4,-3
33,107,3,3,3,0,0
33,108,3,5,4,2,1
33,109,6,2,3,-4,-3
33,110,7,1,3,-6,-4
33,111,2,8,6,6,4
33,112,8,3,4,-5,-4
33,113,8,4,5,-4,-3
33,114,1,4,3,3,2
33,115,7,6,6,-1,-1
33,116,2,5,4,3,2
33,117,4,4,4,0,0
33,118,4,7,6,3,2
33,119,8,5,6,-3,-2
33,120,5,1,2,-4,-3
33,121,3,2,2,-1,-1
33,122,7,2,4,-5,-3
33,123,1,1,1,0,0
33,124,3,4,4,1,1
33,125,8,1,3,-7,-5
33,126,2,6,5,4,3
33,127,5,4,4,-1,-1
33,128,8,3,4,-5,-4
33,129,8,3,4,-5,-4
33,130,3,8,6,5,3
33,131,3,4,4,1,1
33,132,3,4,4,1,1
33,133,5,1,2,-4,-3
33,134,4,8,7,4,3
33,135,2,5,4,3,2
33,136,4,1,2,-3,-2
33,137,1,7,5,6,4
33,138,6,5,5,-1,-1
33,139,3,5,4,2,1
33,140,5,4,4,-1,-1
33,141,4,6,5,2,1
33,142,7,3,4,-4,-3
33,143,5,5,5,0,0
33,144,1,6,4,5,3
33,145,7,2,4,-5,-3
33,146,6,1,2,-5,-4
33,147,7,6,6,-1,-1
33,148,4,4,4,0,0
33,149,7,6,6,-1,-1
33,150,8,5,6,-3,-2
33,151,7,7,7,0,0
33,152,4,8,7,4,3
33,153,4,8,7,4,3
34,1,4,3,3,-1,-1
34,2,4,2,3,-2,-1
34,3,8,8,8,0,0
34,4,6,7,7,1,1
34,5,6,7,7,1,1
34,6,3,1,2,-2,-1
34,7,8,2,4,-6,-4
34,8,4,3,3,-1,-1
34,9,3,2,2,-1,-1
34,10,1,8,6,7,5
34,11,5,5,5,0,0
34,12,2,5,4,3,2
34,13,5,4,4,-1,-1
34,14,3,3,3,0,0
34,15,2,1,1,-1,-1
34,16,4,6,5,2,1
34,17,7,8,8,1,1
34,18,2,5,4,3,2
34,19,2,2,2,0,0
34,20,4,3,3,-1,-1
34,21,7,2,4,-5,-3
34,22,4,7,6,3,2
34,23,4,1,2,-3,-2
34,24,4,2,3,-2,-1
34,25,3,2,2,-1,-1
34,26,6,4,5,-2,-1
34,27,8,7,7,-1,-1
34,28,5,8,7,3,2
34,29,6,1,2,-5,-4
34,30,1,3,2,2,1
34,31,5,4,4,-1,-1
34,32,4,6,5,2,1
34,33,3,7,6,4,3
34,34,3,4,4,1,1
34,35,8,1,3,-7,-5
34,36,4,7,6,3,2
34,37,7,8,8,1,1
34,38,7,7,7,0,0
34,39,4,8,7,4,3
34,40,3,1,2,-2,-1
34,41,6,3,4,-3,-2
34,42,2,3,3,1,1
34,43,5,6,6,1,1
34,44,6,5,5,-1,-1
34,45,7,3,4,-4,-3
34,46,8,6,7,-2,-1
34,47,1,6,4,5,3
34,48,8,5,6,-3,-2
34,49,2,6,5,4,3
34,50,5,1,2,-4,-3
34,51,7,3,4,-4,-3
34,52,4,1,2,-3,-2
34,53,8,8,8,0,0
34,54,8,7,7,-1,-1
34,55,6,6,6,0,0
34,56,7,7,7,0,0
34,57,4,2,3,-2,-1
34,58,7,1,3,-6,-4
34,59,8,8,8,0,0
34,60,2,3,3,1,1
34,61,2,6,5,4,3
34,62,2,2,2,0,0
34,63,7,2,4,-5,-3
34,64,4,1,2,-3,-2
34,65,4,5,5,1,1
34,66,5,1,2,-4,-3
34,67,7,3,4,-4,-3
34,68,7,6,6,-1,-1
34,69,6,8,7,2,1
34,70,3,7,6,4,3
34,71,4,1,2,-3,-2
34,72,2,6,5,4,3
34,73,8,5,6,-3,-2
34,74,5,7,6,2,1
34,75,6,8,7,2,1
34,76,3,3,3,0,0
34,77,5,8,7,3,2
34,78,6,8,7,2,1
34,79,3,5,4,2,1
34,80,3,5,4,2,1
34,81,1,8,6,7,5
34,82,4,2,3,-2,-1
34,83,6,5,5,-1,-1
34,84,8,7,7,-1,-1
34,85,7,4,5,-3,-2
34,86,7,8,8,1,1
34,87,6,8,7,2,1
34,88,7,8,8,1,1
34,89,1,2,2,1,1
34,90,6,2,3,-4,-3
34,91,2,7,5,5,3
34,92,6,5,5,-1,-1
34,93,3,5,4,2,1
34,94,2,7,5,5,3
34,95,4,6,5,2,1
34,96,2,4,3,2,1
34,97,8,2,4,-6,-4
34,98,1,6,4,5,3
34,99,1,7,5,6,4
34,100,5,8,7,3,2
34,101,1,4,3,3,2
34,102,7,8,8,1,1
34,103,4,1,2,-3,-2
34,104,1,7,5,6,4
34,105,5,1,2,-4,-3
34,106,6,3,4,-3,-2
34,107,2,6,5,4,3
34,108,2,4,3,2,1
34,109,2,6,5,4,3
34,110,8,1,3,-7,-5
34,111,4,8,7,4,3
34,112,7,2,4,-5,-3
34,113,6,4,5,-2,-1
34,114,7,1,3,-6,-4
34,115,7,1,3,-6,-4
34,116,3,1,2,-2,-1
34,117,3,8,6,5,3
34,118,5,7,6,2,1
34,119,1,2,2,1,1
34,120,5,3,4,-2,-1
34,121,6,7,7,1,1
34,122,6,3,4,-3,-2
34,123,6,6,6,0,0
34,124,3,2,2,-1,-1
34,125,8,5,6,-3,-2
34,126,4,4,4,0,0
34,127,1,8,6,7,5
34,128,4,7,6,3,2
34,129,6,4,5,-2,-1
34,130,5,2,3,-3,-2
34,131,2,3,3,1,1
34,132,5,1,2,-4,-3
34,133,7,6,6,-1,-1
34,134,8,2,4,-6,-4
34,135,8,5,6,-3,-2
34,136,5,4,4,-1,-1
34,137,7,2,4,-5,-3
34,138,5,5,5,0,0
34,139,7,6,6,-1,-1
34,140,2,8,6,6,4
34,141,4,5,5,1,1
34,142,4,7,6,3,2
34,143,6,7,7,1,1
34,144,2,2,2,0,0
34,145,6,3,4,-3,-2
34,146,5,4,4,-1,-1
34,147,5,4,4,-1,-1
34,148,3,7,6,4,3
34,149,6,2,3,-4,-3
34,150,3,4,4,1,1
34,151,6,6,6,0,0
34,152,1,6,4,5,3
34,153,8,8,8,0,0
35,1,7,4,5,-3,-2
35,2,8,4,5,-4,-3
35,3,6,2,3,-4,-3
35,4,6,8,7,2,1
35,5,5,1,2,-4,-3
35,6,6,5,5,-1,-1
35,7,5,6,6,1,1
35,8,6,6,6,0,0
35,9,1,8,6,7,5
35,10,2,6,5,4,3
35,11,5,7,6,2,1
35,12,8,6,7,-2,-1
35,13,1,3,2,2,1
35,14,6,2,3,-4,-3
35,15,4,2,3,-2,-1
35,16,7,7,7,0,0
35,17,7,4,5,-3,-2
35,18,3,1,2,-2,-1
35,19,2,7,5,5,3
35,20,1,1,1,0,0
35,21,2,7,5,5,3
35,22,4,5,5,1,1
35,23,6,8,7,2,1
35,24,2,8,6,6,4
35,25,7,1,3,-6,-4
35,26,4,6,5,2,1
35,27,1,4,3,3,2
35,28,3,2,2,-1,-1
35,29,6,3,4,-3,-2
35,30,3,5,4,2,1
35,31,8,4,5,-4,-3
35,32,1,6,4,5,3
35,33,5,8,7,3,2
35,34,2,2,2,0,0
35,35,7,7,7,0,0
35,36,2,2,2,0,0
35,37,3,4,4,1,1
35,38,4,6,5,2,1
35,39,5,5,5,0,0
35,40,2,1,1,-1,-1
35,41,8,3,4,-5,-4
35,42,4,8,7,4,3
35,43,1,5,4,4,3
35,44,5,3,4,-2,-1
35,45,6,4,5,-2,-1
35,46,1,8,6,7,5
35,47,2,8,6,6,4
35,48,2,1,1,-1,-1
35,49,5,6,6,1,1
35,50,1,2,2,1,1
35,51,3,8,6,5,3
35,52,4,6,5,2,1
35,53,3,4,4,1,1
35,54,3,5,4,2,1
35,55,1,8,6,7,5
35,56,8,2,4,-6,-4
35,57,3,7,6,4,3
35,58,1,6,4,5,3
35,59,8,8,8,0,0
35,60,1,2,2,1,1
35,61,8,6,7,-2,-1
35,62,6,2,3,-4,-3
35,63,1,2,2,1,1
35,64,8,1,3,-7,-5
35,65,8,8,8,0,0
35,66,4,6,5,2,1
35,67,7,6,6,-1,-1
35,68,4,8,7,4,3
35,69,4,1,2,-3,-2
35,70,3,5,4,2,1
35,71,4,8,7,4,3
35,72,5,7,6,2,1
35,73,1,4,3,3,2
35,74,6,3,4,-3,-2
35,75,8,7,7,-1,-1
35,76,5,7,6,2,1
35,77,5,3,4,-2,-1
35,78,5,7,6,2,1
35,79,8,2,4,-6,-4
35,80,3,6,5,3,2
35,81,1,5,4,4,3
35,82,7,1,3,-6,-4
35,83,2,7,5,5,3
35,84,8,7,7,-1,-1
35,85,2,4,3,2,1
35,86,8,4,5,-4,-3
35,87,3,6,5,3,2
35,88,5,3,4,-2,-1
35,89,1,7,5,6,4
35,90,2,6,5,4,3
35,91,6,8,7,2,1
35,92,2,5,4,3,2
35,93,5,7,6,2,1
35,94,4,4,4,0,0
35,95,8,3,4,-5,-4
35,96,2,7,5,5,3
35,97,6,3,4,-3,-2
35,98,3,6,5,3,2
35,99,7,2,4,-5,-3
35,100,3,5,4,2,1
35,101,8,2,4,-6,-4
35,102,2,1,1,-1,-1
35,103,3,3,3,0,0
35,104,3,4,4,1,1
35,105,2,7,5,5,3
35,106,2,6,5,4,3
35,107,3,7,6,4,3
35,108,4,7,6,3,2
35,109,4,5,5,1,1
35,110,6,6,6,0,0
35,111,8,8,8,0,0
35,112,8,7,7,-1,-1
35,113,6,7,7,1,1
35,114,4,7,6,3,2
35,115,1,7,5,6,4
35,116,3,8,6,5,3
35,117,1,4,3,3,2
35,118,3,7,6,4,3
35,119,7,2,4,-5,-3
35,120,8,1,3,-7,-5
35,121,1,3,2,2,1
35,122,2,1,1,-1,-1
35,123,3,3,3,0,0
35,124,2,3,3,1,1
35,125,3,7,6,4,3
35,126,8,4,5,-4,-3
35,127,3,5,4,2,1
35,128,4,5,5,1,1
35,129,7,2,4,-5,-3
35,130,3,2,2,-1,-1
35,131,2,5,4,3,2
35,132,1,5,4,4,3
35,133,7,6,6,-1,-1
35,134,5,5,5,0,0
35,135,4,6,5,2,1
35,136,8,2,4,-6,-4
35,137,5,4,4,-1,-1
35,138,5,2,3,-3,-2
35,139,5,8,7,3,2
35,140,3,2,2,-1,-1
35,141,1,3,2,2,1
35,142,5,1,2,-4,-3
35,143,5,3,4,-2,-1
35,144,2,3,3,1,1
35,145,2,8,6,6,4
35,146,2,3,3,1,1
35,147,5,7,6,2,1
35,148,4,3,3,-1,-1
35,149,6,5,5,-1,-1
35,150,8,2,4,-6,-4
35,151,8,2,4,-6,-4
35,152,2,6,5,4,3
35,153,2,3,3,1,1
36,1,5,1,2,-4,-3
36,2,5,3,4,-2,-1
36,3,7,6,6,-1,-1
36,4,5,2,3,-3,-2
36,5,1,2,2,1,1
36,6,5,1,2,-4,-3
36,7,7,5,6,-2,-1
36,8,8,6,7,-2,-1
36,9,5,5,5,0,0
36,10,2,4,3,2,1
36,11,5,7,6,2,1
36,12,7,3,4,-4,-3
36,13,8,4,5,-4,-3
36,14,8,5,6,-3,-2
36,15,5,5,5,0,0
36,16,5,1,2,-4,-3
36,17,6,7,7,1,1
36,18,6,4,5,-2,-1
36,19,2,8,6,6,4
36,20,6,1,2,-5,-4
36,21,6,1,2,-5,-4
36,22,2,1,1,-1,-1
36,23,2,5,4,3,2
36,24,6,7,7,1,1
36,25,5,5,5,0,0
36,26,4,1,2,-3,-2
36,27,1,7,5,6,4
36,28,5,3,4,-2,-1
36,29,4,5,5,1,1
36,30,4,8,7,4,3
36,31,4,8,7,4,3
36,32,4,1,2,-3,-2
36,33,3,3,3,0,0
36,34,8,8,8,0,0
36,35,4,6,5,2,1
36,36,4,3,3,-1,-1
36,37,6,3,4,-3,-2
36,38,4,2,3,-2,-1
36,39,6,7,7,1,1
36,40,1,6,4,5,3
36,41,3,8,6,5,3
36,42,8,7,7,-1,-1
36,43,6,5,5,-1,-1
36,44,5,1,2,-4,-3
36,45,7,7,7,0,0
36,46,3,6,5,3,2
36,47,6,7,7,1,1
36,48,4,3,3,-1,-1
36,49,5,8,7,3,2
36,50,4,8,7,4,3
36,51,8,3,4,-5,-4
36,52,7,5,6,-2,-1
36,53,6,1,2,-5,-4
36,54,6,8,7,2,1
36,55,1,6,4,5,3
36,56,5,4,4,-1,-1
36,57,6,4,5,-2,-1
36,58,1,5,4,4,3
36,59,2,1,1,-1,-1
36,60,3,5,4,2,1
36,61,8,2,4,-6,-4
36,62,6,3,4,-3,-2
36,63,6,8,7,2,1
36,64,7,5,6,-2,-1
36,65,2,2,2,0,0
36,66,1,8,6,7,5
36,67,3,6,5,3,2
36,68,1,5,4,4,3
36,69,7,3,4,-4,-3
36,70,1,7,5,6,4
36,71,8,6,7,-2,-1
36,72,1,7,5,6,4
36,73,2,4,3,2,1
36,74,8,6,7,-2,-1
36,75,6,3,4,-3,-2
36,76,3,1,2,-2,-1
36,77,5,2,3,-3,-2
36,78,8,2,4,-6,-4
36,79,1,5,4,4,3
36,80,4,4,4,0,0
36,81,5,3,4,-2,-1
36,82,6,3,4,-3,-2
36,83,4,5,5,1,1
36,84,1,1,1,0,0
36,85,3,7,6,4,3
36,86,3,7,6,4,3
36,87,6,1,2,-5,-4
36,88,4,3,3,-1,-1
36,89,5,4,4,-1,-1
36,90,3,2,2,-1,-1
36,91,3,3,3,0,0
36,92,5,7,6,2,1
36,93,8,4,5,-4,-3
36,94,2,6,5,4,3
36,95,3,8,6,5,3
36,96,2,2,2,0,0
36,97,5,3,4,-2,-1
36,98,5,7,6,2,1
36,99,1,6,4,5,3
36,100,6,4,5,-2,-1
36,101,4,1,2,-3,-2
36,102,4,4,4,0,0
36,103,8,1,3,-7,-5
36,104,4,1,2,-3,-2
36,105,3,7,6,4,3
36,106,4,2,3,-2,-1
36,107,5,6,6,1,1
36,108,4,3,3,-1,-1
36,109,1,8,6,7,5
36,110,5,8,7,3,2
36,111,1,2,2,1,1
36,112,4,1,2,-3,-2
36,113,5,4,4,-1,-1
36,114,8,5,6,-3,-2
36,115,6,7,7,1,1
36,116,8,8,8,0,0
36,117,2,4,3,2,1
36,118,3,6,5,3,2
36,119,7,4,5,-3,-2
36,120,4,3,3,-1,-1
36,121,2,6,5,4,3
36,122,5,5,5,0,0
36,123,1,8,6,7,5
36,124,5,3,4,-2,-1
36,125,2,4,3,2,1
36,126,2,1,1,-1,-1
36,127,3,3,3,0,0
36,128,2,1,1,-1,-1
36,129,4,3,3,-1,-1
36,130,4,4,4,0,0
36,131,6,3,4,-3,-2
36,132,1,3,2,2,1
36,133,5,3,4,-2,-1
36,134,1,4,3,3,2
36,135,7,4,5,-3,-2
36,136,8,7,7,-1,-1
36,137,4,1,2,-3,-2
36,138,8,5,6,-3,-2
36,139,8,5,6,-3,-2
36,140,8,8,8,0,0
36,141,4,2,3,-2,-1
36,142,1,3,2,2,1
36,143,4,7,6,3,2
36,144,7,8,8,1,1
36,145,3,2,2,-1,-1
36,146,5,4,4,-1,-1
36,147,6,4,5,-2,-1
36,148,1,3,2,2,1
36,149,3,2,2,-1,-1
36,150,8,1,3,-7,-5
36,151,4,1,2,-3,-2
36,152,2,6,5,4,3
36,153,6,2,3,-4,-3
37,1,8,2,4,-6,-4
37,2,2,5,4,3,2
37,3,4,6,5,2,1
37,4,3,5,4,2,1
37,5,4,5,5,1,1
37,6,7,5,6,-2,-1
37,7,1,2,2,1,1
37,8,6,8,7,2,1
37,9,1,4,3,3,2
37,10,6,6,6,0,0
37,11,5,5,5,0,0
37,12,5,6,6,1,1
37,13,7,2,4,-5,-3
37,14,4,1,2,-3,-2
37,15,8,3,4,-5,-4
37,16,4,6,5,2,1
37,17,1,8,6,7,5
37,18,4,1,2,-3,-2
37,19,6,5,5,-1,-1
37,20,8,1,3,-7,-5
37,21,8,4,5,-4,-3
37,22,1,5,4,4,3
37,23,5,3,4,-2,-1
37,24,7,8,8,1,1
37,25,5,7,6,2,1
37,26,8,7,7,-1,-1
37,27,3,7,6,4,3
37,28,2,2,2,0,0
37,29,3,7,6,4,3
37,30,8,7,7,-1,-1
37,31,5,4,4,-1,-1
37,32,1,2,2,1,1
37,33,8,7,7,-1,-1
37,34,3,1,2,-2,-1
37,35,7,6,6,-1,-1
37,36,2,1,1,-1,-1
37,37,5,1,2,-4,-3
37,38,5,5,5,0,0
37,39,2,4,3,2,1
37,40,3,7,6,4,3
37,41,2,1,1,-1,-1
37,42,4,4,4,0,0
37,43,7,4,5,-3,-2
37,44,5,4,4,-1,-1
37,45,1,7,5,6,4
37,46,7,5,6,-2,-1
37,47,4,6,5,2,1
37,48,8,3,4,-5,-4
37,49,1,8,6,7,5
37,50,1,8,6,7,5
37,51,8,4,5,-4,-3
37,52,6,4,5,-2,-1
37,53,1,6,4,5,3
37,54,8,6,7,-2,-1
37,55,6,8,7,2,1
37,56,6,7,7,1,1
37,57,5,8,7,3,2
37,58,6,5,5,-1,-1
37,59,4,3,3,-1,-1
37,60,6,6,6,0,0
37,61,4,5,5,1,1
37,62,7,4,5,-3,-2
37,63,4,7,6,3,2
37,64,6,1,2,-5,-4
37,65,3,7,6,4,3
37,66,5,6,6,1,1
37,67,3,8,6,5,3
37,68,2,2,2,0,0
37,69,6,4,5,-2,-1
37,70,2,8,6,6,4
37,71,7,8,8,1,1
37,72,5,2,3,-3,-2
37,73,4,5,5,1,1
37,74,5,6,6,1,1
37,75,6,7,7,1,1
37,76,6,7,7,1,1
37,77,6,1,2,-5,-4
37,78,3,3,3,0,0
37,79,8,6,7,-2,-1
37,80,5,7,6,2,1
37,81,1,4,3,3,2
37,82,4,6,5,2,1
37,83,6,8,7,2,1
37,84,5,1,2,-4,-3
37,85,6,1,2,-5,-4
37,86,4,8,7,4,3
37,87,2,3,3,1,1
37,88,1,4,3,3,2
37,89,6,8,7,2,1
37,90,3,6,5,3,2
37,91,4,2,3,-2,-1
37,92,7,2,4,-5,-3
37,93,7,4,5,-3,-2
37,94,5,3,4,-2,-1
37,95,6,3,4,-3,-2
37,96,2,7,5,5,3
37,97,7,2,4,-5,-3
37,98,7,3,4,-4,-3
37,99,8,8,8,0,0
37,100,1,2,2,1,1
37,101,2,4,3,2,1
37,102,1,6,4,5,3
37,103,7,4,5,-3,-2
37,104,7,5,6,-2,-1
37,105,3,1,2,-2,-1
37,106,2,3,3,1,1
37,107,5,2,3,-3,-2
37,108,5,2,3,-3,-2
37,109,3,3,3,0,0
37,110,4,4,4,0,0
37,111,3,1,2,-2,-1
37,112,1,5,4,4,3
37,113,5,4,4,-1,-1
37,114,8,6,7,-2,-1
37,115,5,6,6,1,1
37,116,8,7,7,-1,-1
37,117,3,1,2,-2,-1
37,118,4,6,5,2,1
37,119,8,6,7,-2,-1
37,120,2,5,4,3,2
37,121,8,6,7,-2,-1
37,122,2,3,3,1,1
37,123,1,4,3,3,2
37,124,8,4,5,-4,-3
37,125,2,7,5,5,3
37,126,1,3,2,2,1
37,127,3,5,4,2,1
37,128,1,2,2,1,1
37,129,8,5,6,-3,-2
37,130,5,1,2,-4,-3
37,131,2,8,6,6,4
37,132,4,8,7,4,3
37,133,5,5,5,0,0
37,134,5,8,7,3,2
37,135,6,2,3,-4,-3
37,136,4,8,7,4,3
37,137,4,6,5,2,1
37,138,4,2,3,-2,-1
37,139,5,4,4,-1,-1
37,140,1,2,2,1,1
37,141,7,2,4,-5,-3
37,142,2,5,4,3,2
37,143,2,4,3,2,1
37,144,1,5,4,4,3
37,145,1,1,1,0,0
37,146,4,6,5,2,1
37,147,8,4,5,-4,-3
37,148,6,6,6,0,0
37,149,4,1,2,-3,-2
37,150,4,3,3,-1,-1
37,151,6,1,2,-5,-4
37,152,5,6,6,1,1
37,153,2,5,4,3,2
38,1,4,5,5,1,1
38,2,1,4,3,3,2
38,3,6,4,5,-2,-1
38,4,4,3,3,-1,-1
38,5,4,3,3,-1,-1
38,6,2,4,3,2,1
38,7,2,6,5,4,3
38,8,1,2,2,1,1
38,9,5,8,7,3,2
38,10,8,8,8,0,0
38,11,5,8,7,3,2
38,12,1,5,4,4,3
38,13,1,5,4,4,3
38,14,8,3,4,-5,-4
38,15,2,4,3,2,1
38,16,5,1,2,-4,-3
38,17,3,4,4,1,1
38,18,1,2,2,1,1
38,19,8,3,4,-5,-4
38,20,3,7,6,4,3
38,21,5,7,6,2,1
38,22,6,6,6,0,0
38,23,1,8,6,7,5
38,24,4,4,4,0,0
38,25,8,8,8,0,0
38,26,6,5,5,-1,-1
38,27,3,4,4,1,1
38,28,7,3,4,-4,-3
38,29,5,8,7,3,2
38,30,1,4,3,3,2
38,31,8,2,4,-6,-4
38,32,6,6,6,0,0
38,33,3,7,6,4,3
38,34,3,8,6,5,3
38,35,3,2,2,-1,-1
38,36,5,4,4,-1,-1
38,37,6,3,4,-3,-2
38,38,3,3,3,0,0
38,39,2,8,6,6,4
38,40,7,7,7,0,0
38,41,4,1,2,-3,-2
38,42,3,1,2,-2,-1
38,43,4,1,2,-3,-2
38,44,2,3,3,1,1
38,45,1,3,2,2,1
38,46,7,3,4,-4,-3
38,47,1,7,5,6,4
38,48,3,3,3,0,0
38,49,1,7,5,6,4
38,50,5,7,6,2,1
38,51,2,4,3,2,1
38,52,2,7,5,5,3
38,53,4,8,7,4,3
38,54,3,3,3,0,0
38,55,3,2,2,-1,-1
38,56,2,8,6,6,4
38,57,5,6,6,1,1
38,58,5,8,7,3,2
38,59,7,8,8,1,1
38,60,3,5,4,2,1
38,61,6,3,4,-3,-2
38,62,2,8,6,6,4
38,63,1,3,2,2,1
38,64,3,3,3,0,0
38,65,4,2,3,-2,-1
38,66,1,5,4,4,3
38,67,6,7,7,1,1
38,68,5,7,6,2,1
38,69,1,7,5,6,4
38,70,1,8,6,7,5
38,71,1,3,2,2,1
38,72,7,6,6,-1,-1
38,73,4,8,7,4,3
38,74,2,8,6,6,4
38,75,2,6,5,4,3
38,76,2,8,6,6,4
38,77,4,6,5,2,1
38,78,7,8,8,1,1
38,79,2,4,3,2,1
38,80,4,6,5,2,1
38,81,8,4,5,-4,-3
38,82,4,5,5,1,1
38,83,3,1,2,-2,-1
38,84,3,6,5,3,2
38,85,3,4,4,1,1
38,86,1,5,4,4,3
38,87,2,6,5,4,3
38,88,1,7,5,6,4
38,89,6,7,7,1,1
38,90,4,8,7,4,3
38,91,1,6,4,5,3
38,92,7,6,6,-1,-1
38,93,4,5,5,1,1
38,94,6,2,3,-4,-3
38,95,7,2,4,-5,-3
38,96,7,8,8,1,1
38,97,6,2,3,-4,-3
38,98,3,4,4,1,1
38,99,4,2,3,-2,-1
38,100,7,5,6,-2,-1
38,101,2,2,2,0,0
38,102,6,2,3,-4,-3
38,103,5,4,4,-1,-1
38,104,2,8,6,6,4
38,105,2,8,6,6,4
38,106,8,8,8,0,0
38,107,7,6,6,-1,-1
38,108,2,6,5,4,3
38,109,2,6,5,4,3
38,110,6,6,6,0,0
38,111,4,6,5,2,1
38,112,5,6,6,1,1
38,113,7,8,8,1,1
38,114,6,4,5,-2,-1
38,115,4,1,2,-3,-2
38,116,6,6,6,0,0
38,117,1,7,5,6,4
38,118,2,4,3,2,1
38,119,6,4,5,-2,-1
38,120,2,5,4,3,2
38,121,2,2,2,0,0
38,122,7,4,5,-3,-2
38,123,2,5,4,3,2
38,124,4,3,3,-1,-1
38,125,1,8,6,7,5
38,126,3,3,3,0,0
38,127,8,8,8,0,0
38,128,4,4,4,0,0
38,129,1,1,1,0,0
38,130,8,4,5,-4,-3
38,131,3,6,5,3,2
38,132,3,2,2,-1,-1
38,133,3,8,6,5,3
38,134,8,6,7,-2,-1
38,135,7,2,4,-5,-3
38,136,4,4,4,0,0
38,137,1,2,2,1,1
38,138,6,6,6,0,0
38,139,5,8,7,3,2
38,140,8,2,4,-6,-4
38,141,3,2,2,-1,-1
38,142,1,3,2,2,1
38,143,4,5,5,1,1
38,144,7,2,4,-5,-3
38,145,4,1,2,-3,-2
38,146,2,7,5,5,3
38,147,6,4,5,-2,-1
38,148,5,1,2,-4,-3
38,149,6,5,5,-1,-1
38,150,7,5,6,-2,-1
38,151,1,6,4,5,3
38,152,7,2,4,-5,-3
38,153,3,6,5,3,2
39,1,2,6,5,4,3
39,2,8,8,8,0,0
39,3,6,3,4,-3,-2
39,4,3,5,4,2,1
39,5,8,5,6,-3,-2
39,6,2,1,1,-1,-1
39,7,1,3,2,2,1
39,8,2,5,4,3,2
39,9,7,3,4,-4,-3
39,10,6,2,3,-4,-3
39,11,8,5,6,-3,-2
39,12,7,3,4,-4,-3
39,13,5,5,5,0,0
39,14,3,5,4,2,1
39,15,6,1,2,-5,-4
39,16,2,2,2,0,0
39,17,3,3,3,0,0
39,18,8,4,5,-4,-3
39,19,2,5,4,3,2
39,20,6,5,5,-1,-1
39,21,6,3,4,-3,-2
39,22,7,2,4,-5,-3
39,23,3,5,4,2,1
39,24,1,6,4,5,3
39,25,3,7,6,4,3
39,26,5,3,4,-2,-1
39,27,5,6,6,1,1
39,28,3,5,4,2,1
39,29,3,7,6,4,3
39,30,3,8,6,5,3
39,31,7,5,6,-2,-1
39,32,4,3,3,-1,-1
39,33,2,2,2,0,0
39,34,2,3,3,1,1
39,35,5,1,2,-4,-3
39,36,3,1,2,-2,-1
39,37,5,1,2,-4,-3
39,38,6,4,5,-2,-1
39,39,2,8,6,6,4
39,40,4,6,5,2,1
39,41,8,4,5,-4,-3
39,42,8,8,8,0,0
39,43,3,3,3,0,0
39,44,4,6,5,2,1
39,45,7,3,4,-4,-3
39,46,1,6,4,5,3
39,47,3,8,6,5,3
39,48,6,5,5,-1,-1
39,49,3,8,6,5,3
39,50,7,5,6,-2,-1
39,51,5,3,4,-2,-1
39,52,5,7,6,2,1
39,53,4,2,3,-2,-1
39,54,4,4,4,0,0
39,55,5,5,5,0,0
39,56,3,4,4,1,1
39,57,1,5,4,4,3
39,58,7,8,8,1,1
39,59,5,2,3,-3,-2
39,60,5,8,7,3,2
39,61,8,7,7,-1,-1
39,62,4,2,3,-2,-1
39,63,6,4,5,-2,-1
39,64,4,2,3,-2,-1
39,65,4,7,6,3,2
39,66,1,8,6,7,5
39,67,2,7,5,5,3
39,68,6,7,7,1,1
39,69,6,7,7,1,1
39,70,6,8,7,2,1
39,71,8,2,4,-6,-4
39,72,7,8,8,1,1
39,73,3,3,3,0,0
39,74,8,4,5,-4,-3
39,75,7,1,3,-6,-4
39,76,8,5,6,-3,-2
39,77,7,1,3,-6,-4
39,78,4,7,6,3,2
39,79,1,2,2,1,1
39,80,6,6,6,0,0
39,81,7,5,6,-2,-1
39,82,2,3,3,1,1
39,83,2,5,4,3,2
39,84,2,5,4,3,2
39,85,7,8,8,1,1
39,86,8,8,8,0,0
39,87,8,6,7,-2,-1
39,88,6,5,5,-1,-1
39,89,2,4,3,2,1
39,90,3,7,6,4,3
39,91,1,7,5,6,4
39,92,8,8,8,0,0
39,93,4,6,5,2,1
39,94,7,5,6,-2,-1
39,95,5,6,6,1,1
39,96,4,8,7,4,3
39,97,2,5,4,3,2
39,98,7,6,6,-1,-1
39,99,7,6,6,-1,-1
39,100,6,6,6,0,0
39,101,8,1,3,-7,-5
39,102,3,4,4,1,1
39,103,1,5,4,4,3
39,104,5,6,6,1,1
39,105,8,5,6,-3,-2
39,106,2,2,2,0,0
39,107,3,8,6,5,3
39,108,1,7,5,6,4
39,109,3,3,3,0,0
39,110,8,2,4,-6,-4
39,111,1,7,5,6,4
39,112,2,5,4,3,2
39,113,5,8,7,3,2
39,114,7,1,3,-6,-4
39,115,2,2,2,0,0
39,116,6,2,3,-4,-3
39,117,5,3,4,-2,-1
39,118,2,4,3,2,1
39,119,8,8,8,0,0
39,120,1,6,4,5,3
39,121,2,2,2,0,0
39,122,8,5,6,-3,-2
39,123,2,4,3,2,1
39,124,4,1,2,-3,-2
39,125,8,3,4,-5,-4
39,126,1,1,1,0,0
39,127,8,5,6,-3,-2
39,128,8,8,8,0,0
39,129,5,5,5,0,0
39,130,3,6,5,3,2
39,131,1,8,6,7,5
39,132,2,7,5,5,3
39,133,3,5,4,2,1
39,134,6,3,4,-3,-2
39,135,6,2,3,-4,-3
39,136,7,8,8,1,1
39,137,6,2,3,-4,-3
39,138,8,7,7,-1,-1
39,139,6,6,6,0,0
39,140,1,8,6,7,5
39,141,8,7,7,-1,-1
39,142,7,6,6,-1,-1
39,143,3,7,6,4,3
39,144,3,3,3,0,0
39,145,4,6,5,2,1
39,146,2,3,3,1,1
39,147,4,7,6,3,2
39,148,1,6,4,5,3
39,149,5,1,2,-4,-3
39,150,7,1,3,-6,-4
39,151,8,3,4,-5,-4
39,152,7,7,7,0,0
39,153,7,4,5,-3,-2
40,1,5,4,4,-1,-1
40,2,2,8,6,6,4
40,3,7,4,5,-3,-2
40,4,3,4,4,1,1
40,5,8,2,4,-6,-4
40,6,3,2,2,-1,-1
40,7,5,8,7,3,2
40,8,2,1,1,-1,-1
40,9,7,4,5,-3,-2
40,10,2,8,6,6,4
40,11,1,8,6,7,5
40,12,1,7,5,6,4
40,13,1,4,3,3,2
40,14,5,7,6,2,1
40,15,3,2,2,-1,-1
40,16,6,3,4,-3,-2
40,17,1,8,6,7,5
40,18,3,2,2,-1,-1
40,19,8,1,3,-7,-5
40,20,7,4,5,-3,-2
40,21,2,5,4,3,2
40,22,6,4,5,-2,-1
40,23,5,4,4,-1,-1
40,24,1,1,1,0,0
40,25,5,2,3,-3,-2
40,26,1,4,3,3,2
40,27,8,8,8,0,0
40,28,4,2,3,-2,-1
40,29,7,7,7,0,0
40,30,7,4,5,-3,-2
40,31,7,4,5,-3,-2
40,32,2,8,6,6,4
40,33,6,5,5,-1,-1
40,34,8,4,5,-4,-3
40,35,5,2,3,-3,-2
40,36,7,7,7,0,0
40,37,4,5,5,1,1
40,38,8,5,6,-3,-2
40,39,1,1,1,0,0
40,40,4,2,3,-2,-1
40,41,4,2,3,-2,-1
40,42,4,5,5,1,1
40,43,3,3,3,0,0
40,44,6,2,3,-4,-3
40,45,7,3,4,-4,-3
40,46,3,7,6,4,3
40,47,1,3,2,2,1
40,48,5,5,5,0,0
40,49,4,2,3,-2,-1
40,50,3,6,5,3,2
40,51,7,5,6,-2,-1
40,52,5,4,4,-1,-1
40,53,6,7,7,1,1
40,54,3,7,6,4,3
40,55,5,7,6,2,1
40,56,8,5,6,-3,-2
40,57,3,4,4,1,1
40,58,7,7,7,0,0
40,59,1,3,2,2,1
40,60,7,7,7,0,0
40,61,4,7,6,3,2
40,62,8,6,7,-2,-1
40,63,8,1,3,-7,-5
40,64,5,3,4,-2,-1
40,65,7,8,8,1,1
40,66,4,6,5,2,1
40,67,8,5,6,-3,-2
40,68,8,6,7,-2,-1
40,69,2,5,4,3,2
40,70,2,1,1,-1,-1
40,71,3,7,6,4,3
40,72,4,7,6,3,2
40,73,6,6,6,0,0
40,74,3,6,5,3,2
40,75,7,2,4,-5,-3
40,76,6,6,6,0,0
40,77,7,2,4,-5,-3
40,78,6,2,3,-4,-3
40,79,1,7,5,6,4
40,80,4,7,6,3,2
40,81,4,3,3,-1,-1
40,82,6,5,5,-1,-1
40,83,8,1,3,-7,-5
40,84,3,8,6,5,3
40,85,4,8,7,4,3
40,86,5,6,6,1,1
40,87,5,6,6,1,1
40,88,6,2,3,-4,-3
40,89,2,6,5,4,3
40,90,1,4,3,3,2
40,91,5,1,2,-4,-3
40,92,7,6,6,-1,-1
40,93,1,3,2,2,1
40,94,6,2,3,-4,-3
40,95,6,4,5,-2,-1
40,96,3,8,6,5,3
40,97,7,7,7,0,0
40,98,5,6,6,1,1
40,99,7,5,6,-2,-1
40,100,1,3,2,2,1
40,101,4,1,2,-3,-2
40,102,8,6,7,-2,-1
40,103,1,3,2,2,1
40,104,7,2,4,-5,-3
40,105,6,5,5,-1,-1
40,106,5,8,7,3,2
40,107,1,7,5,6,4
40,108,4,2,3,-2,-1
40,109,1,6,4,5,3
40,110,5,1,2,-4,-3
40,111,5,3,4,-2,-1
40,112,2,5,4,3,2
40,113,8,3,4,-5,-4
40,114,5,3,4,-2,-1
40,115,1,8,6,7,5
40,116,5,6,6,1,1
40,117,7,5,6,-2,-1
40,118,7,3,4,-4,-3
40,119,3,4,4,1,1
40,120,1,7,5,6,4
40,121,2,7,5,5,3
40,122,3,7,6,4,3
40,123,7,2,4,-5,-3
40,124,5,5,5,0,0
40,125,5,8,7,3,2
40,126,7,1,3,-6,-4
40,127,8,3,4,-5,-4
40,128,4,3,3,-1,-1
40,129,5,3,4,-2,-1
40,130,6,4,5,-2,-1
40,131,4,4,4,0,0
40,132,1,3,2,2,1
40,133,6,4,5,-2,-1
40,134,7,5,6,-2,-1
40,135,6,4,5,-2,-1
40,136,5,1,2,-4,-3
40,137,4,1,2,-3,-2
40,138,2,1,1,-1,-1
40,139,4,5,5,1,1
40,140,7,1,3,-6,-4
40,141,5,4,4,-1,-1
40,142,7,5,6,-2,-1
40,143,1,8,6,7,5
40,144,3,5,4,2,1
40,145,7,4,5,-3,-2
40,146,2,1,1,-1,-1
40,147,4,4,4,0,0
40,148,8,1,3,-7,-5
40,149,5,2,3,-3,-2
40,150,7,7,7,0,0
40,151,8,5,6,-3,-2
40,152,7,7,7,0,0
40,153,3,8,6,5,3
