"ID","trial","FirstRating","GroupRating","SecondRating","Feedback","Change"
1,1,6,2,4,-4,-2
1,2,1,2,2,1,1
1,3,3,4,4,1,1
1,4,3,1,2,-2,-1
1,5,6,2,4,-4,-2
1,6,8,8,8,0,0
1,7,8,8,8,0,0
1,8,4,5,4,1,0
1,9,6,4,5,-2,-1
1,10,1,7,4,6,3
1,11,7,8,8,1,1
1,12,1,2,2,1,1
1,13,8,1,4,-7,-4
1,14,4,7,6,3,2
1,15,3,5,4,2,1
1,16,8,6,7,-2,-1
1,17,2,3,2,1,0
1,18,3,4,4,1,1
1,19,8,7,8,-1,0
1,20,1,8,4,7,3
1,21,6,5,6,-1,0
1,22,2,1,2,-1,0
1,23,1,1,1,0,0
1,24,8,3,6,-5,-2
1,25,5,1,3,-4,-2
1,26,7,6,6,-1,-1
1,27,8,4,6,-4,-2
1,28,4,7,6,3,2
1,29,2,4,3,2,1
1,30,8,3,6,-5,-2
1,31,2,2,2,0,0
1,32,7,6,6,-1,-1
1,33,6,4,5,-2,-1
1,34,2,8,5,6,3
1,35,5,7,6,2,1
1,36,6,8,7,2,1
1,37,7,4,6,-3,-1
1,38,6,6,6,0,0
1,39,6,5,6,-1,0
1,40,7,6,6,-1,-1
1,41,5,7,6,2,1
1,42,2,6,4,4,2
1,43,4,3,4,-1,0
1,44,5,3,4,-2,-1
1,45,6,8,7,2,1
1,46,7,4,6,-3,-1
1,47,5,2,4,-3,-1
1,48,2,2,2,0,0
1,49,2,8,5,6,3
1,50,6,6,6,0,0
1,51,2,8,5,6,3
1,52,7,7,7,0,0
1,53,5,1,3,-4,-2
1,54,4,6,5,2,1
1,55,7,5,6,-2,-1
1,56,4,5,4,1,0
1,57,6,2,4,-4,-2
1,58,5,8,6,3,1
1,59,4,7,6,3,2
1,60,4,6,5,2,1
1,61,2,3,2,1,0
1,62,5,7,6,2,1
1,63,4,4,4,0,0
1,64,5,1,3,-4,-2
1,65,6,7,6,1,0
1,66,3,6,4,3,1
1,67,5,2,4,-3,-1
1,68,5,5,5,0,0
1,69,7,8,8,1,1
1,70,6,1,4,-5,-2
1,71,1,3,2,2,1
1,72,1,8,4,7,3
1,73,1,7,4,6,3
1,74,1,1,1,0,0
1,75,3,3,3,0,0
1,76,8,1,4,-7,-4
1,77,7,1,4,-6,-3
1,78,7,3,5,-4,-2
1,79,1,8,4,7,3
1,80,6,1,4,-5,-2
1,81,5,4,4,-1,-1
1,82,7,6,6,-1,-1
1,83,4,7,6,3,2
1,84,7,1,4,-6,-3
1,85,7,3,5,-4,-2
1,86,3,8,6,5,3
1,87,2,3,2,1,0
1,88,1,2,2,1,1
1,89,8,8,8,0,0
1,90,8,6,7,-2,-1
1,91,4,7,6,3,2
1,92,6,3,4,-3,-2
1,93,8,5,6,-3,-2
1,94,5,7,6,2,1
1,95,7,2,4,-5,-3
1,96,2,8,5,6,3
1,97,5,8,6,3,1
1,98,3,2,2,-1,-1
1,99,5,3,4,-2,-1
1,100,2,8,5,6,3
1,101,3,8,6,5,3
1,102,1,8,4,7,3
1,103,7,6,6,-1,-1
1,104,1,8,4,7,3
1,105,6,6,6,0,0
1,106,3,5,4,2,1
1,107,7,7,7,0,0
1,108,7,8,8,1,1
1,109,3,4,4,1,1
1,110,8,7,8,-1,0
1,111,8,4,6,-4,-2
1,112,1,8,4,7,3
1,113,6,8,7,2,1
1,114,4,4,4,0,0
1,115,2,8,5,6,3
1,116,5,8,6,3,1
1,117,5,4,4,-1,-1
1,118,1,7,4,6,3
1,119,5,3,4,-2,-1
1,120,2,3,2,1,0
1,121,4,4,4,0,0
1,122,6,1,4,-5,-2
1,123,2,1,2,-1,0
1,124,7,6,6,-1,-1
1,125,7,8,8,1,1
1,126,7,7,7,0,0
1,127,5,5,5,0,0
1,128,7,8,8,1,1
1,129,6,1,4,-5,-2
1,130,8,1,4,-7,-4
1,131,2,2,2,0,0
1,132,8,5,6,-3,-2
1,133,1,7,4,6,3
1,134,3,5,4,2,1
1,135,8,2,5,-6,-3
1,136,7,8,8,1,1
1,137,4,1,2,-3,-2
1,138,6,1,4,-5,-2
1,139,4,1,2,-3,-2
1,140,5,3,4,-2,-1
1,141,5,8,6,3,1
1,142,3,1,2,-2,-1
1,143,4,3,4,-1,0
1,144,3,4,4,1,1
1,145,4,1,2,-3,-2
1,146,3,8,6,5,3
1,147,2,5,4,3,2
1,148,8,3,6,-5,-2
1,149,1,7,4,6,3
1,150,4,5,4,1,0
1,151,3,5,4,2,1
1,152,2,7,4,5,2
1,153,5,4,4,-1,-1
2,1,1,7,4,6,3
2,2,4,3,4,-1,0
2,3,8,2,5,-6,-3
2,4,4,1,2,-3,-2
2,5,1,6,4,5,3
2,6,1,1,1,0,0
2,7,8,5,6,-3,-2
2,8,8,3,6,-5,-2
2,9,4,4,4,0,0
2,10,6,2,4,-4,-2
2,11,6,3,4,-3,-2
2,12,7,7,7,0,0
2,13,7,7,7,0,0
2,14,3,8,6,5,3
2,15,8,1,4,-7,-4
2,16,1,8,4,7,3
2,17,2,2,2,0,0
2,18,1,8,4,7,3
2,19,3,2,2,-1,-1
2,20,1,1,1,0,0
2,21,4,7,6,3,2
2,22,5,5,5,0,0
2,23,8,7,8,-1,0
2,24,3,7,5,4,2
2,25,5,6,6,1,1
2,26,7,8,8,1,1
2,27,6,5,6,-1,0
2,28,6,8,7,2,1
2,29,3,7,5,4,2
2,30,5,4,4,-1,-1
2,31,5,2,4,-3,-1
2,32,6,7,6,1,0
2,33,8,1,4,-7,-4
2,34,8,6,7,-2,-1
2,35,7,8,8,1,1
2,36,7,6,6,-1,-1
2,37,7,6,6,-1,-1
2,38,4,5,4,1,0
2,39,3,5,4,2,1
2,40,6,5,6,-1,0
2,41,3,7,5,4,2
2,42,5,7,6,2,1
2,43,5,8,6,3,1
2,44,5,7,6,2,1
2,45,8,1,4,-7,-4
2,46,6,3,4,-3,-2
2,47,7,5,6,-2,-1
2,48,2,8,5,6,3
2,49,5,1,3,-4,-2
2,50,2,1,2,-1,0
2,51,1,5,3,4,2
2,52,1,5,3,4,2
2,53,7,5,6,-2,-1
2,54,2,6,4,4,2
2,55,6,2,4,-4,-2
2,56,6,8,7,2,1
2,57,8,8,8,0,0
2,58,7,6,6,-1,-1
2,59,5,7,6,2,1
2,60,5,1,3,-4,-2
2,61,4,2,3,-2,-1
2,62,8,2,5,-6,-3
2,63,3,5,4,2,1
2,64,4,7,6,3,2
2,65,8,3,6,-5,-2
2,66,5,8,6,3,1
2,67,2,5,4,3,2
2,68,7,1,4,-6,-3
2,69,4,5,4,1,0
2,70,3,8,6,5,3
2,71,6,3,4,-3,-2
2,72,1,3,2,2,1
2,73,3,1,2,-2,-1
2,74,1,7,4,6,3
2,75,5,4,4,-1,-1
2,76,5,4,4,-1,-1
2,77,8,5,6,-3,-2
2,78,6,3,4,-3,-2
2,79,3,7,5,4,2
2,80,8,2,5,-6,-3
2,81,1,1,1,0,0
2,82,3,4,4,1,1
2,83,3,6,4,3,1
2,84,4,3,4,-1,0
2,85,1,6,4,5,3
2,86,7,2,4,-5,-3
2,87,1,7,4,6,3
2,88,5,8,6,3,1
2,89,5,2,4,-3,-1
2,90,5,2,4,-3,-1
2,91,4,3,4,-1,0
2,92,4,1,2,-3,-2
2,93,4,8,6,4,2
2,94,7,3,5,-4,-2
2,95,1,8,4,7,3
2,96,4,7,6,3,2
2,97,3,1,2,-2,-1
2,98,1,2,2,1,1
2,99,8,1,4,-7,-4
2,100,4,5,4,1,0
2,101,5,8,6,3,1
2,102,7,3,5,-4,-2
2,103,1,1,1,0,0
2,104,5,2,4,-3,-1
2,105,7,8,8,1,1
2,106,6,8,7,2,1
2,107,1,6,4,5,3
2,108,7,4,6,-3,-1
2,109,5,3,4,-2,-1
2,110,3,8,6,5,3
2,111,4,6,5,2,1
2,112,8,8,8,0,0
2,113,6,8,7,2,1
2,114,5,7,6,2,1
2,115,5,8,6,3,1
2,116,5,5,5,0,0
2,117,8,5,6,-3,-2
2,118,4,3,4,-1,0
2,119,3,2,2,-1,-1
2,120,8,2,5,-6,-3
2,121,5,8,6,3,1
2,122,4,7,6,3,2
2,123,5,8,6,3,1
2,124,2,2,2,0,0
2,125,8,7,8,-1,0
2,126,3,5,4,2,1
2,127,6,5,6,-1,0
2,128,3,3,3,0,0
2,129,6,3,4,-3,-2
2,130,6,5,6,-1,0
2,131,6,5,6,-1,0
2,132,1,1,1,0,0
2,133,1,6,4,5,3
2,134,2,5,4,3,2
2,135,6,8,7,2,1
2,136,1,1,1,0,0
2,137,7,5,6,-2,-1
2,138,7,4,6,-3,-1
2,139,3,2,2,-1,-1
2,140,1,3,2,2,1
2,141,5,8,6,3,1
2,142,1,7,4,6,3
2,143,5,5,5,0,0
2,144,5,3,4,-2,-1
2,145,3,8,6,5,3
2,146,4,1,2,-3,-2
2,147,5,3,4,-2,-1
2,148,2,4,3,2,1
2,149,1,1,1,0,0
2,150,6,3,4,-3,-2
2,151,1,4,2,3,1
2,152,3,8,6,5,3
2,153,8,1,4,-7,-4
3,1,6,7,6,1,0
3,2,4,8,6,4,2
3,3,4,6,5,2,1
3,4,3,1,2,-2,-1
3,5,2,7,4,5,2
3,6,2,3,2,1,0
3,7,6,5,6,-1,0
3,8,5,7,6,2,1
3,9,1,3,2,2,1
3,10,6,7,6,1,0
3,11,4,8,6,4,2
3,12,2,7,4,5,2
3,13,3,5,4,2,1
3,14,3,4,4,1,1
3,15,8,7,8,-1,0
3,16,7,1,4,-6,-3
3,17,3,1,2,-2,-1
3,18,7,8,8,1,1
3,19,3,6,4,3,1
3,20,7,7,7,0,0
3,21,1,1,1,0,0
3,22,1,3,2,2,1
3,23,1,1,1,0,0
3,24,7,4,6,-3,-1
3,25,7,6,6,-1,-1
3,26,5,6,6,1,1
3,27,7,2,4,-5,-3
3,28,8,6,7,-2,-1
3,29,7,8,8,1,1
3,30,4,1,2,-3,-2
3,31,2,2,2,0,0
3,32,1,1,1,0,0
3,33,5,5,5,0,0
3,34,7,4,6,-3,-1
3,35,3,1,2,-2,-1
3,36,2,6,4,4,2
3,37,2,6,4,4,2
3,38,3,1,2,-2,-1
3,39,3,6,4,3,1
3,40,3,6,4,3,1
3,41,5,8,6,3,1
3,42,6,1,4,-5,-2
3,43,8,3,6,-5,-2
3,44,1,5,3,4,2
3,45,7,8,8,1,1
3,46,6,6,6,0,0
3,47,6,5,6,-1,0
3,48,5,2,4,-3,-1
3,49,7,1,4,-6,-3
3,50,6,7,6,1,0
3,51,2,2,2,0,0
3,52,7,6,6,-1,-1
3,53,3,4,4,1,1
3,54,2,4,3,2,1
3,55,7,4,6,-3,-1
3,56,1,1,1,0,0
3,57,7,7,7,0,0
3,58,2,5,4,3,2
3,59,6,3,4,-3,-2
3,60,6,3,4,-3,-2
3,61,8,2,5,-6,-3
3,62,7,2,4,-5,-3
3,63,3,7,5,4,2
3,64,6,3,4,-3,-2
3,65,3,8,6,5,3
3,66,5,5,5,0,0
3,67,5,3,4,-2,-1
3,68,2,7,4,5,2
3,69,4,4,4,0,0
3,70,6,5,6,-1,0
3,71,3,4,4,1,1
3,72,5,5,5,0,0
3,73,2,2,2,0,0
3,74,2,8,5,6,3
3,75,1,6,4,5,3
3,76,5,4,4,-1,-1
3,77,7,2,4,-5,-3
3,78,1,2,2,1,1
3,79,3,7,5,4,2
3,80,6,1,4,-5,-2
3,81,4,1,2,-3,-2
3,82,7,8,8,1,1
3,83,7,6,6,-1,-1
3,84,3,5,4,2,1
3,85,4,4,4,0,0
3,86,7,7,7,0,0
3,87,7,2,4,-5,-3
3,88,6,2,4,-4,-2
3,89,7,5,6,-2,-1
3,90,1,8,4,7,3
3,91,6,1,4,-5,-2
3,92,8,5,6,-3,-2
3,93,3,7,5,4,2
3,94,3,7,5,4,2
3,95,8,6,7,-2,-1
3,96,6,8,7,2,1
3,97,3,5,4,2,1
3,98,3,3,3,0,0
3,99,3,7,5,4,2
3,100,2,6,4,4,2
3,101,3,5,4,2,1
3,102,3,6,4,3,1
3,103,3,7,5,4,2
3,104,2,1,2,-1,0
3,105,6,1,4,-5,-2
3,106,5,3,4,-2,-1
3,107,8,3,6,-5,-2
3,108,5,3,4,-2,-1
3,109,2,6,4,4,2
3,110,1,5,3,4,2
3,111,1,4,2,3,1
3,112,2,1,2,-1,0
3,113,7,2,4,-5,-3
3,114,4,5,4,1,0
3,115,4,5,4,1,0
3,116,4,1,2,-3,-2
3,117,1,3,2,2,1
3,118,7,1,4,-6,-3
3,119,4,1,2,-3,-2
3,120,7,1,4,-6,-3
3,121,6,8,7,2,1
3,122,5,6,6,1,1
3,123,1,1,1,0,0
3,124,1,6,4,5,3
3,125,4,2,3,-2,-1
3,126,6,2,4,-4,-2
3,127,3,1,2,-2,-1
3,128,2,4,3,2,1
3,129,5,2,4,-3,-1
3,130,5,2,4,-3,-1
3,131,4,4,4,0,0
3,132,8,2,5,-6,-3
3,133,6,1,4,-5,-2
3,134,1,8,4,7,3
3,135,3,2,2,-1,-1
3,136,5,5,5,0,0
3,137,6,7,6,1,0
3,138,6,3,4,-3,-2
3,139,8,1,4,-7,-4
3,140,5,1,3,-4,-2
3,141,8,8,8,0,0
3,142,7,2,4,-5,-3
3,143,1,4,2,3,1
3,144,1,4,2,3,1
3,145,2,4,3,2,1
3,146,2,8,5,6,3
3,147,1,8,4,7,3
3,148,7,6,6,-1,-1
3,149,6,8,7,2,1
3,150,2,1,2,-1,0
3,151,8,4,6,-4,-2
3,152,8,3,6,-5,-2
3,153,8,8,8,0,0
4,1,5,3,4,-2,-1
4,2,4,6,5,2,1
4,3,1,7,4,6,3
4,4,1,1,1,0,0
4,5,3,6,4,3,1
4,6,7,1,4,-6,-3
4,7,5,2,4,-3,-1
4,8,1,1,1,0,0
4,9,4,2,3,-2,-1
4,10,1,5,3,4,2
4,11,6,1,4,-5,-2
4,12,3,7,5,4,2
4,13,4,4,4,0,0
4,14,2,5,4,3,2
4,15,4,3,4,-1,0
4,16,4,6,5,2,1
4,17,2,1,2,-1,0
4,18,2,2,2,0,0
4,19,5,2,4,-3,-1
4,20,7,5,6,-2,-1
4,21,8,2,5,-6,-3
4,22,3,3,3,0,0
4,23,3,2,2,-1,-1
4,24,5,1,3,-4,-2
4,25,1,8,4,7,3
4,26,6,7,6,1,0
4,27,3,3,3,0,0
4,28,2,5,4,3,2
4,29,4,2,3,-2,-1
4,30,5,5,5,0,0
4,31,4,7,6,3,2
4,32,7,5,6,-2,-1
4,33,4,7,6,3,2
4,34,1,7,4,6,3
4,35,7,7,7,0,0
4,36,5,6,6,1,1
4,37,1,5,3,4,2
4,38,5,8,6,3,1
4,39,3,6,4,3,1
4,40,8,6,7,-2,-1
4,41,1,4,2,3,1
4,42,7,1,4,-6,-3
4,43,1,2,2,1,1
4,44,2,1,2,-1,0
4,45,6,6,6,0,0
4,46,4,6,5,2,1
4,47,4,8,6,4,2
4,48,1,3,2,2,1
4,49,8,8,8,0,0
4,50,4,2,3,-2,-1
4,51,2,6,4,4,2
4,52,1,3,2,2,1
4,53,3,2,2,-1,-1
4,54,2,3,2,1,0
4,55,7,3,5,-4,-2
4,56,7,5,6,-2,-1
4,57,1,7,4,6,3
4,58,5,2,4,-3,-1
4,59,8,1,4,-7,-4
4,60,6,5,6,-1,0
4,61,8,6,7,-2,-1
4,62,1,5,3,4,2
4,63,8,3,6,-5,-2
4,64,3,1,2,-2,-1
4,65,2,1,2,-1,0
4,66,4,7,6,3,2
4,67,8,8,8,0,0
4,68,2,3,2,1,0
4,69,2,6,4,4,2
4,70,1,1,1,0,0
4,71,6,8,7,2,1
4,72,3,7,5,4,2
4,73,4,1,2,-3,-2
4,74,3,8,6,5,3
4,75,4,5,4,1,0
4,76,8,2,5,-6,-3
4,77,1,3,2,2,1
4,78,7,3,5,-4,-2
4,79,7,1,4,-6,-3
4,80,6,5,6,-1,0
4,81,4,3,4,-1,0
4,82,8,4,6,-4,-2
4,83,2,6,4,4,2
4,84,7,4,6,-3,-1
4,85,3,8,6,5,3
4,86,4,7,6,3,2
4,87,6,1,4,-5,-2
4,88,8,5,6,-3,-2
4,89,7,3,5,-4,-2
4,90,3,7,5,4,2
4,91,8,6,7,-2,-1
4,92,7,8,8,1,1
4,93,2,5,4,3,2
4,94,2,2,2,0,0
4,95,6,8,7,2,1
4,96,2,5,4,3,2
4,97,6,3,4,-3,-2
4,98,6,2,4,-4,-2
4,99,1,3,2,2,1
4,100,1,7,4,6,3
4,101,3,6,4,3,1
4,102,1,3,2,2,1
4,103,8,3,6,-5,-2
4,104,6,3,4,-3,-2
4,105,7,4,6,-3,-1
4,106,4,4,4,0,0
4,107,3,5,4,2,1
4,108,3,3,3,0,0
4,109,2,6,4,4,2
4,110,4,2,3,-2,-1
4,111,3,1,2,-2,-1
4,112,3,7,5,4,2
4,113,6,8,7,2,1
4,114,4,2,3,-2,-1
4,115,8,7,8,-1,0
4,116,7,6,6,-1,-1
4,117,2,8,5,6,3
4,118,4,4,4,0,0
4,119,3,4,4,1,1
4,120,2,3,2,1,0
4,121,6,5,6,-1,0
4,122,2,4,3,2,1
4,123,3,7,5,4,2
4,124,6,6,6,0,0
4,125,1,3,2,2,1
4,126,4,1,2,-3,-2
4,127,2,7,4,5,2
4,128,6,3,4,-3,-2
4,129,6,7,6,1,0
4,130,5,4,4,-1,-1
4,131,3,4,4,1,1
4,132,8,6,7,-2,-1
4,133,1,5,3,4,2
4,134,3,7,5,4,2
4,135,5,4,4,-1,-1
4,136,7,7,7,0,0
4,137,4,4,4,0,0
4,138,8,6,7,-2,-1
4,139,6,8,7,2,1
4,140,5,8,6,3,1
4,141,3,7,5,4,2
4,142,2,1,2,-1,0
4,143,7,2,4,-5,-3
4,144,3,3,3,0,0
4,145,7,6,6,-1,-1
4,146,3,8,6,5,3
4,147,6,8,7,2,1
4,148,6,1,4,-5,-2
4,149,3,7,5,4,2
4,150,6,1,4,-5,-2
4,151,3,4,4,1,1
4,152,3,3,3,0,0
4,153,2,6,4,4,2
5,1,7,6,6,-1,-1
5,2,6,4,5,-2,-1
5,3,2,5,4,3,2
5,4,4,2,3,-2,-1
5,5,1,3,2,2,1
5,6,1,5,3,4,2
5,7,6,2,4,-4,-2
5,8,5,8,6,3,1
5,9,2,6,4,4,2
5,10,6,7,6,1,0
5,11,1,6,4,5,3
5,12,5,4,4,-1,-1
5,13,4,6,5,2,1
5,14,3,4,4,1,1
5,15,1,4,2,3,1
5,16,8,1,4,-7,-4
5,17,7,3,5,-4,-2
5,18,7,6,6,-1,-1
5,19,6,4,5,-2,-1
5,20,3,3,3,0,0
5,21,4,6,5,2,1
5,22,8,2,5,-6,-3
5,23,2,1,2,-1,0
5,24,5,1,3,-4,-2
5,25,7,2,4,-5,-3
5,26,2,8,5,6,3
5,27,5,2,4,-3,-1
5,28,4,1,2,-3,-2
5,29,1,2,2,1,1
5,30,7,5,6,-2,-1
5,31,8,4,6,-4,-2
5,32,8,4,6,-4,-2
5,33,1,2,2,1,1
5,34,1,6,4,5,3
5,35,6,8,7,2,1
5,36,6,5,6,-1,0
5,37,6,1,4,-5,-2
5,38,7,4,6,-3,-1
5,39,5,5,5,0,0
5,40,6,6,6,0,0
5,41,6,1,4,-5,-2
5,42,2,7,4,5,2
5,43,6,5,6,-1,0
5,44,5,4,4,-1,-1
5,45,3,4,4,1,1
5,46,2,2,2,0,0
5,47,3,3,3,0,0
5,48,3,8,6,5,3
5,49,2,4,3,2,1
5,50,2,1,2,-1,0
5,51,8,3,6,-5,-2
5,52,4,4,4,0,0
5,53,6,2,4,-4,-2
5,54,2,8,5,6,3
5,55,6,8,7,2,1
5,56,2,7,4,5,2
5,57,1,3,2,2,1
5,58,4,5,4,1,0
5,59,5,2,4,-3,-1
5,60,3,8,6,5,3
5,61,8,8,8,0,0
5,62,8,5,6,-3,-2
5,63,4,1,2,-3,-2
5,64,7,6,6,-1,-1
5,65,3,4,4,1,1
5,66,5,3,4,-2,-1
5,67,4,1,2,-3,-2
5,68,3,7,5,4,2
5,69,3,8,6,5,3
5,70,5,2,4,-3,-1
5,71,1,6,4,5,3
5,72,4,4,4,0,0
5,73,4,4,4,0,0
5,74,8,1,4,-7,-4
5,75,6,4,5,-2,-1
5,76,6,5,6,-1,0
5,77,8,1,4,-7,-4
5,78,2,4,3,2,1
5,79,6,6,6,0,0
5,80,4,2,3,-2,-1
5,81,6,2,4,-4,-2
5,82,5,7,6,2,1
5,83,5,7,6,2,1
5,84,1,6,4,5,3
5,85,1,6,4,5,3
5,86,3,1,2,-2,-1
5,87,6,1,4,-5,-2
5,88,6,2,4,-4,-2
5,89,6,3,4,-3,-2
5,90,7,2,4,-5,-3
5,91,5,4,4,-1,-1
5,92,2,2,2,0,0
5,93,4,3,4,-1,0
5,94,6,8,7,2,1
5,95,7,5,6,-2,-1
5,96,2,2,2,0,0
5,97,6,4,5,-2,-1
5,98,1,4,2,3,1
5,99,6,2,4,-4,-2
5,100,8,6,7,-2,-1
5,101,6,1,4,-5,-2
5,102,8,4,6,-4,-2
5,103,4,6,5,2,1
5,104,8,5,6,-3,-2
5,105,8,7,8,-1,0
5,106,1,7,4,6,3
5,107,5,3,4,-2,-1
5,108,5,6,6,1,1
5,109,5,6,6,1,1
5,110,5,6,6,1,1
5,111,4,3,4,-1,0
5,112,5,8,6,3,1
5,113,8,8,8,0,0
5,114,3,6,4,3,1
5,115,2,7,4,5,2
5,116,1,7,4,6,3
5,117,4,8,6,4,2
5,118,8,6,7,-2,-1
5,119,1,7,4,6,3
5,120,1,3,2,2,1
5,121,3,6,4,3,1
5,122,1,5,3,4,2
5,123,1,3,2,2,1
5,124,4,6,5,2,1
5,125,1,7,4,6,3
5,126,3,1,2,-2,-1
5,127,6,7,6,1,0
5,128,3,5,4,2,1
5,129,4,6,5,2,1
5,130,6,1,4,-5,-2
5,131,1,4,2,3,1
5,132,3,8,6,5,3
5,133,5,8,6,3,1
5,134,8,5,6,-3,-2
5,135,1,2,2,1,1
5,136,7,8,8,1,1
5,137,3,5,4,2,1
5,138,5,4,4,-1,-1
5,139,3,4,4,1,1
5,140,4,4,4,0,0
5,141,3,8,6,5,3
5,142,1,4,2,3,1
5,143,7,6,6,-1,-1
5,144,1,3,2,2,1
5,145,1,8,4,7,3
5,146,6,1,4,-5,-2
5,147,1,3,2,2,1
5,148,5,2,4,-3,-1
5,149,4,1,2,-3,-2
5,150,8,8,8,0,0
5,151,4,3,4,-1,0
5,152,1,7,4,6,3
5,153,8,4,6,-4,-2
6,1,6,3,4,-3,-2
6,2,8,3,6,-5,-2
6,3,8,6,7,-2,-1
6,4,5,6,6,1,1
6,5,3,3,3,0,0
6,6,7,6,6,-1,-1
6,7,8,3,6,-5,-2
6,8,3,3,3,0,0
6,9,8,4,6,-4,-2
6,10,3,2,2,-1,-1
6,11,7,7,7,0,0
6,12,6,3,4,-3,-2
6,13,5,8,6,3,1
6,14,8,7,8,-1,0
6,15,5,7,6,2,1
6,16,2,1,2,-1,0
6,17,4,2,3,-2,-1
6,18,3,7,5,4,2
6,19,1,5,3,4,2
6,20,4,4,4,0,0
6,21,7,6,6,-1,-1
6,22,8,6,7,-2,-1
6,23,1,2,2,1,1
6,24,6,2,4,-4,-2
6,25,6,6,6,0,0
6,26,2,6,4,4,2
6,27,7,1,4,-6,-3
6,28,3,7,5,4,2
6,29,1,7,4,6,3
6,30,6,3,4,-3,-2
6,31,8,8,8,0,0
6,32,5,2,4,-3,-1
6,33,8,6,7,-2,-1
6,34,5,7,6,2,1
6,35,1,4,2,3,1
6,36,7,8,8,1,1
6,37,7,2,4,-5,-3
6,38,5,2,4,-3,-1
6,39,6,7,6,1,0
6,40,1,6,4,5,3
6,41,7,2,4,-5,-3
6,42,7,6,6,-1,-1
6,43,8,4,6,-4,-2
6,44,8,2,5,-6,-3
6,45,5,4,4,-1,-1
6,46,7,3,5,-4,-2
6,47,8,7,8,-1,0
6,48,5,4,4,-1,-1
6,49,2,4,3,2,1
6,50,8,5,6,-3,-2
6,51,1,1,1,0,0
6,52,3,6,4,3,1
6,53,1,8,4,7,3
6,54,8,4,6,-4,-2
6,55,6,4,5,-2,-1
6,56,4,5,4,1,0
6,57,5,3,4,-2,-1
6,58,7,1,4,-6,-3
6,59,2,5,4,3,2
6,60,4,6,5,2,1
6,61,6,8,7,2,1
6,62,4,6,5,2,1
6,63,8,4,6,-4,-2
6,64,7,3,5,-4,-2
6,65,3,1,2,-2,-1
6,66,7,7,7,0,0
6,67,5,8,6,3,1
6,68,2,1,2,-1,0
6,69,7,4,6,-3,-1
6,70,6,1,4,-5,-2
6,71,2,1,2,-1,0
6,72,3,7,5,4,2
6,73,3,8,6,5,3
6,74,8,3,6,-5,-2
6,75,8,7,8,-1,0
6,76,4,1,2,-3,-2
6,77,7,6,6,-1,-1
6,78,8,1,4,-7,-4
6,79,4,3,4,-1,0
6,80,8,1,4,-7,-4
6,81,8,3,6,-5,-2
6,82,5,6,6,1,1
6,83,6,6,6,0,0
6,84,6,1,4,-5,-2
6,85,1,1,1,0,0
6,86,4,3,4,-1,0
6,87,6,1,4,-5,-2
6,88,7,8,8,1,1
6,89,8,4,6,-4,-2
6,90,2,3,2,1,0
6,91,5,1,3,-4,-2
6,92,5,4,4,-1,-1
6,93,3,2,2,-1,-1
6,94,1,2,2,1,1
6,95,3,8,6,5,3
6,96,6,4,5,-2,-1
6,97,7,6,6,-1,-1
6,98,6,4,5,-2,-1
6,99,5,8,6,3,1
6,100,3,6,4,3,1
6,101,5,6,6,1,1
6,102,5,2,4,-3,-1
6,103,6,8,7,2,1
6,104,2,7,4,5,2
6,105,6,5,6,-1,0
6,106,6,4,5,-2,-1
6,107,3,5,4,2,1
6,108,8,3,6,-5,-2
6,109,2,5,4,3,2
6,110,7,7,7,0,0
6,111,2,6,4,4,2
6,112,1,3,2,2,1
6,113,5,2,4,-3,-1
6,114,8,8,8,0,0
6,115,2,8,5,6,3
6,116,2,3,2,1,0
6,117,7,2,4,-5,-3
6,118,3,8,6,5,3
6,119,1,2,2,1,1
6,120,1,5,3,4,2
6,121,3,7,5,4,2
6,122,1,5,3,4,2
6,123,6,3,4,-3,-2
6,124,2,2,2,0,0
6,125,3,3,3,0,0
6,126,6,5,6,-1,0
6,127,1,1,1,0,0
6,128,2,6,4,4,2
6,129,7,4,6,-3,-1
6,130,7,7,7,0,0
6,131,7,8,8,1,1
6,132,8,7,8,-1,0
6,133,5,1,3,-4,-2
6,134,8,5,6,-3,-2
6,135,8,8,8,0,0
6,136,4,7,6,3,2
6,137,8,7,8,-1,0
6,138,4,5,4,1,0
6,139,3,8,6,5,3
6,140,6,1,4,-5,-2
6,141,2,1,2,-1,0
6,142,7,5,6,-2,-1
6,143,2,3,2,1,0
6,144,7,3,5,-4,-2
6,145,6,5,6,-1,0
6,146,4,5,4,1,0
6,147,5,1,3,-4,-2
6,148,1,1,1,0,0
6,149,8,6,7,-2,-1
6,150,8,1,4,-7,-4
6,151,3,5,4,2,1
6,152,2,5,4,3,2
6,153,5,6,6,1,1
7,1,2,4,3,2,1
7,2,8,2,5,-6,-3
7,3,4,3,4,-1,0
7,4,3,2,2,-1,-1
7,5,5,6,6,1,1
7,6,6,4,5,-2,-1
7,7,3,8,6,5,3
7,8,7,2,4,-5,-3
7,9,4,8,6,4,2
7,10,8,3,6,-5,-2
7,11,4,8,6,4,2
7,12,5,8,6,3,1
7,13,7,8,8,1,1
7,14,7,1,4,-6,-3
7,15,2,3,2,1,0
7,16,5,8,6,3,1
7,17,6,1,4,-5,-2
7,18,8,2,5,-6,-3
7,19,8,6,7,-2,-1
7,20,2,5,4,3,2
7,21,8,1,4,-7,-4
7,22,1,2,2,1,1
7,23,7,4,6,-3,-1
7,24,2,4,3,2,1
7,25,6,2,4,-4,-2
7,26,6,4,5,-2,-1
7,27,1,2,2,1,1
7,28,2,8,5,6,3
7,29,1,3,2,2,1
7,30,5,3,4,-2,-1
7,31,7,7,7,0,0
7,32,6,6,6,0,0
7,33,6,2,4,-4,-2
7,34,8,4,6,-4,-2
7,35,6,1,4,-5,-2
7,36,8,5,6,-3,-2
7,37,4,7,6,3,2
7,38,8,7,8,-1,0
7,39,3,2,2,-1,-1
7,40,1,1,1,0,0
7,41,1,2,2,1,1
7,42,6,3,4,-3,-2
7,43,5,5,5,0,0
7,44,5,3,4,-2,-1
7,45,6,5,6,-1,0
7,46,4,7,6,3,2
7,47,4,4,4,0,0
7,48,2,3,2,1,0
7,49,8,7,8,-1,0
7,50,8,3,6,-5,-2
7,51,5,6,6,1,1
7,52,6,6,6,0,0
7,53,7,1,4,-6,-3
7,54,2,5,4,3,2
7,55,4,1,2,-3,-2
7,56,5,7,6,2,1
7,57,4,3,4,-1,0
7,58,1,3,2,2,1
7,59,7,8,8,1,1
7,60,5,6,6,1,1
7,61,3,7,5,4,2
7,62,3,4,4,1,1
7,63,5,8,6,3,1
7,64,8,6,7,-2,-1
7,65,8,3,6,-5,-2
7,66,3,5,4,2,1
7,67,6,1,4,-5,-2
7,68,3,3,3,0,0
7,69,8,6,7,-2,-1
7,70,1,5,3,4,2
7,71,1,2,2,1,1
7,72,6,5,6,-1,0
7,73,8,5,6,-3,-2
7,74,2,5,4,3,2
7,75,3,7,5,4,2
7,76,6,1,4,-5,-2
7,77,8,3,6,-5,-2
7,78,3,5,4,2,1
7,79,7,6,6,-1,-1
7,80,3,1,2,-2,-1
7,81,4,7,6,3,2
7,82,1,1,1,0,0
7,83,7,8,8,1,1
7,84,3,6,4,3,1
7,85,7,3,5,-4,-2
7,86,5,8,6,3,1
7,87,8,6,7,-2,-1
7,88,4,1,2,-3,-2
7,89,8,8,8,0,0
7,90,7,5,6,-2,-1
7,91,7,4,6,-3,-1
7,92,8,8,8,0,0
7,93,7,2,4,-5,-3
7,94,6,6,6,0,0
7,95,3,8,6,5,3
7,96,7,5,6,-2,-1
7,97,5,4,4,-1,-1
7,98,4,7,6,3,2
7,99,5,7,6,2,1
7,100,3,2,2,-1,-1
7,101,8,7,8,-1,0
7,102,8,1,4,-7,-4
7,103,4,6,5,2,1
7,104,4,7,6,3,2
7,105,4,5,4,1,0
7,106,2,1,2,-1,0
7,107,4,1,2,-3,-2
7,108,8,5,6,-3,-2
7,109,5,1,3,-4,-2
7,110,6,3,4,-3,-2
7,111,2,4,3,2,1
7,112,4,7,6,3,2
7,113,7,5,6,-2,-1
7,114,4,6,5,2,1
7,115,6,3,4,-3,-2
7,116,2,3,2,1,0
7,117,7,4,6,-3,-1
7,118,3,4,4,1,1
7,119,8,4,6,-4,-2
7,120,6,7,6,1,0
7,121,6,4,5,-2,-1
7,122,8,2,5,-6,-3
7,123,5,1,3,-4,-2
7,124,5,7,6,2,1
7,125,3,4,4,1,1
7,126,4,4,4,0,0
7,127,5,2,4,-3,-1
7,128,6,4,5,-2,-1
7,129,3,5,4,2,1
7,130,1,3,2,2,1
7,131,2,5,4,3,2
7,132,4,5,4,1,0
7,133,1,6,4,5,3
7,134,8,8,8,0,0
7,135,4,4,4,0,0
7,136,7,8,8,1,1
7,137,5,5,5,0,0
7,138,6,7,6,1,0
7,139,8,1,4,-7,-4
7,140,1,8,4,7,3
7,141,7,8,8,1,1
7,142,4,6,5,2,1
7,143,6,6,6,0,0
7,144,4,7,6,3,2
7,145,3,6,4,3,1
7,146,1,6,4,5,3
7,147,2,8,5,6,3
7,148,1,2,2,1,1
7,149,4,1,2,-3,-2
7,150,6,4,5,-2,-1
7,151,4,1,2,-3,-2
7,152,5,1,3,-4,-2
7,153,2,8,5,6,3
8,1,4,6,5,2,1
8,2,6,7,6,1,0
8,3,5,4,4,-1,-1
8,4,4,7,6,3,2
8,5,7,6,6,-1,-1
8,6,6,6,6,0,0
8,7,7,5,6,-2,-1
8,8,6,5,6,-1,0
8,9,8,4,6,-4,-2
8,10,5,3,4,-2,-1
8,11,6,4,5,-2,-1
8,12,7,7,7,0,0
8,13,6,7,6,1,0
8,14,3,6,4,3,1
8,15,2,3,2,1,0
8,16,4,1,2,-3,-2
8,17,7,1,4,-6,-3
8,18,7,5,6,-2,-1
8,19,2,1,2,-1,0
8,20,6,3,4,-3,-2
8,21,5,3,4,-2,-1
8,22,5,4,4,-1,-1
8,23,5,1,3,-4,-2
8,24,7,3,5,-4,-2
8,25,6,6,6,0,0
8,26,8,6,7,-2,-1
8,27,1,5,3,4,2
8,28,4,3,4,-1,0
8,29,5,3,4,-2,-1
8,30,4,3,4,-1,0
8,31,1,4,2,3,1
8,32,4,5,4,1,0
8,33,8,8,8,0,0
8,34,5,7,6,2,1
8,35,2,6,4,4,2
8,36,5,5,5,0,0
8,37,5,6,6,1,1
8,38,8,4,6,-4,-2
8,39,1,2,2,1,1
8,40,8,2,5,-6,-3
8,41,6,6,6,0,0
8,42,5,5,5,0,0
8,43,6,2,4,-4,-2
8,44,7,2,4,-5,-3
8,45,4,4,4,0,0
8,46,1,8,4,7,3
8,47,4,3,4,-1,0
8,48,1,7,4,6,3
8,49,5,4,4,-1,-1
8,50,2,5,4,3,2
8,51,5,6,6,1,1
8,52,5,7,6,2,1
8,53,3,1,2,-2,-1
8,54,1,7,4,6,3
8,55,6,5,6,-1,0
8,56,5,2,4,-3,-1
8,57,7,4,6,-3,-1
8,58,4,1,2,-3,-2
8,59,5,6,6,1,1
8,60,6,5,6,-1,0
8,61,4,6,5,2,1
8,62,4,4,4,0,0
8,63,2,7,4,5,2
8,64,2,5,4,3,2
8,65,2,4,3,2,1
8,66,6,4,5,-2,-1
8,67,8,2,5,-6,-3
8,68,2,6,4,4,2
8,69,8,7,8,-1,0
8,70,3,7,5,4,2
8,71,3,8,6,5,3
8,72,8,3,6,-5,-2
8,73,7,8,8,1,1
8,74,6,5,6,-1,0
8,75,3,5,4,2,1
8,76,6,7,6,1,0
8,77,3,8,6,5,3
8,78,7,4,6,-3,-1
8,79,5,5,5,0,0
8,80,7,7,7,0,0
8,81,7,3,5,-4,-2
8,82,5,6,6,1,1
8,83,3,6,4,3,1
8,84,4,1,2,-3,-2
8,85,1,1,1,0,0
8,86,7,7,7,0,0
8,87,2,6,4,4,2
8,88,5,1,3,-4,-2
8,89,3,4,4,1,1
8,90,7,4,6,-3,-1
8,91,7,1,4,-6,-3
8,92,2,7,4,5,2
8,93,3,4,4,1,1
8,94,7,3,5,-4,-2
8,95,8,8,8,0,0
8,96,4,4,4,0,0
8,97,8,5,6,-3,-2
8,98,2,1,2,-1,0
8,99,3,1,2,-2,-1
8,100,6,6,6,0,0
8,101,5,4,4,-1,-1
8,102,7,1,4,-6,-3
8,103,7,1,4,-6,-3
8,104,6,6,6,0,0
8,105,5,1,3,-4,-2
8,106,3,6,4,3,1
8,107,7,8,8,1,1
8,108,6,1,4,-5,-2
8,109,2,7,4,5,2
8,110,6,4,5,-2,-1
8,111,2,8,5,6,3
8,112,6,4,5,-2,-1
8,113,5,1,3,-4,-2
8,114,8,5,6,-3,-2
8,115,3,4,4,1,1
8,116,6,4,5,-2,-1
8,117,7,2,4,-5,-3
8,118,2,7,4,5,2
8,119,5,7,6,2,1
8,120,4,8,6,4,2
8,121,7,4,6,-3,-1
8,122,2,5,4,3,2
8,123,3,4,4,1,1
8,124,5,3,4,-2,-1
8,125,7,7,7,0,0
8,126,8,2,5,-6,-3
8,127,2,7,4,5,2
8,128,1,4,2,3,1
8,129,2,4,3,2,1
8,130,5,4,4,-1,-1
8,131,7,7,7,0,0
8,132,8,8,8,0,0
8,133,6,2,4,-4,-2
8,134,2,5,4,3,2
8,135,6,8,7,2,1
8,136,2,7,4,5,2
8,137,4,7,6,3,2
8,138,2,4,3,2,1
8,139,3,3,3,0,0
8,140,5,1,3,-4,-2
8,141,6,4,5,-2,-1
8,142,7,4,6,-3,-1
8,143,8,7,8,-1,0
8,144,8,4,6,-4,-2
8,145,4,6,5,2,1
8,146,4,2,3,-2,-1
8,147,3,3,3,0,0
8,148,8,7,8,-1,0
8,149,2,6,4,4,2
8,150,4,4,4,0,0
8,151,1,8,4,7,3
8,152,2,8,5,6,3
8,153,6,2,4,-4,-2
9,1,3,3,3,0,0
9,2,6,7,6,1,0
9,3,6,3,4,-3,-2
9,4,6,4,5,-2,-1
9,5,2,7,4,5,2
9,6,3,8,6,5,3
9,7,2,6,4,4,2
9,8,7,2,4,-5,-3
9,9,7,4,6,-3,-1
9,10,6,8,7,2,1
9,11,3,4,4,1,1
9,12,7,6,6,-1,-1
9,13,6,8,7,2,1
9,14,8,4,6,-4,-2
9,15,4,3,4,-1,0
9,16,1,8,4,7,3
9,17,6,5,6,-1,0
9,18,2,1,2,-1,0
9,19,3,6,4,3,1
9,20,3,7,5,4,2
9,21,2,8,5,6,3
9,22,1,5,3,4,2
9,23,4,2,3,-2,-1
9,24,3,7,5,4,2
9,25,2,2,2,0,0
9,26,6,2,4,-4,-2
9,27,3,2,2,-1,-1
9,28,1,7,4,6,3
9,29,8,4,6,-4,-2
9,30,8,8,8,0,0
9,31,8,7,8,-1,0
9,32,2,1,2,-1,0
9,33,1,2,2,1,1
9,34,5,4,4,-1,-1
9,35,7,6,6,-1,-1
9,36,1,2,2,1,1
9,37,1,6,4,5,3
9,38,5,2,4,-3,-1
9,39,6,5,6,-1,0
9,40,5,5,5,0,0
9,41,3,1,2,-2,-1
9,42,6,6,6,0,0
9,43,7,7,7,0,0
9,44,6,7,6,1,0
9,45,3,4,4,1,1
9,46,5,3,4,-2,-1
9,47,1,8,4,7,3
9,48,2,6,4,4,2
9,49,8,6,7,-2,-1
9,50,4,4,4,0,0
9,51,7,1,4,-6,-3
9,52,8,3,6,-5,-2
9,53,6,3,4,-3,-2
9,54,6,2,4,-4,-2
9,55,1,1,1,0,0
9,56,1,6,4,5,3
9,57,1,6,4,5,3
9,58,5,5,5,0,0
9,59,3,5,4,2,1
9,60,2,5,4,3,2
9,61,8,7,8,-1,0
9,62,7,3,5,-4,-2
9,63,4,3,4,-1,0
9,64,3,8,6,5,3
9,65,6,1,4,-5,-2
9,66,3,4,4,1,1
9,67,8,3,6,-5,-2
9,68,2,7,4,5,2
9,69,1,1,1,0,0
9,70,3,5,4,2,1
9,71,4,5,4,1,0
9,72,1,8,4,7,3
9,73,6,6,6,0,0
9,74,3,7,5,4,2
9,75,2,3,2,1,0
9,76,8,5,6,-3,-2
9,77,7,3,5,-4,-2
9,78,1,5,3,4,2
9,79,4,7,6,3,2
9,80,3,2,2,-1,-1
9,81,2,4,3,2,1
9,82,7,4,6,-3,-1
9,83,7,3,5,-4,-2
9,84,2,8,5,6,3
9,85,1,1,1,0,0
9,86,1,7,4,6,3
9,87,6,3,4,-3,-2
9,88,2,6,4,4,2
9,89,4,5,4,1,0
9,90,7,2,4,-5,-3
9,91,4,3,4,-1,0
9,92,4,7,6,3,2
9,93,2,1,2,-1,0
9,94,3,1,2,-2,-1
9,95,3,1,2,-2,-1
9,96,4,6,5,2,1
9,97,5,6,6,1,1
9,98,3,8,6,5,3
9,99,1,6,4,5,3
9,100,1,1,1,0,0
9,101,4,4,4,0,0
9,102,3,8,6,5,3
9,103,2,4,3,2,1
9,104,2,8,5,6,3
9,105,2,7,4,5,2
9,106,3,4,4,1,1
9,107,8,7,8,-1,0
9,108,8,7,8,-1,0
9,109,8,3,6,-5,-2
9,110,7,2,4,-5,-3
9,111,4,8,6,4,2
9,112,8,7,8,-1,0
9,113,6,5,6,-1,0
9,114,2,6,4,4,2
9,115,5,6,6,1,1
9,116,5,3,4,-2,-1
9,117,2,7,4,5,2
9,118,1,3,2,2,1
9,119,8,5,6,-3,-2
9,120,7,6,6,-1,-1
9,121,3,5,4,2,1
9,122,5,2,4,-3,-1
9,123,7,4,6,-3,-1
9,124,3,1,2,-2,-1
9,125,8,2,5,-6,-3
9,126,1,7,4,6,3
9,127,1,6,4,5,3
9,128,1,5,3,4,2
9,129,5,5,5,0,0
9,130,4,4,4,0,0
9,131,7,8,8,1,1
9,132,3,3,3,0,0
9,133,2,8,5,6,3
9,134,7,7,7,0,0
9,135,3,4,4,1,1
9,136,1,6,4,5,3
9,137,5,5,5,0,0
9,138,3,2,2,-1,-1
9,139,3,7,5,4,2
9,140,6,2,4,-4,-2
9,141,8,4,6,-4,-2
9,142,8,2,5,-6,-3
9,143,1,5,3,4,2
9,144,6,7,6,1,0
9,145,6,1,4,-5,-2
9,146,2,6,4,4,2
9,147,1,7,4,6,3
9,148,1,1,1,0,0
9,149,2,6,4,4,2
9,150,6,7,6,1,0
9,151,1,4,2,3,1
9,152,3,4,4,1,1
9,153,2,3,2,1,0
10,1,3,8,6,5,3
10,2,1,7,4,6,3
10,3,3,2,2,-1,-1
10,4,7,1,4,-6,-3
10,5,5,4,4,-1,-1
10,6,2,2,2,0,0
10,7,5,8,6,3,1
10,8,7,3,5,-4,-2
10,9,8,7,8,-1,0
10,10,6,1,4,-5,-2
10,11,1,3,2,2,1
10,12,4,6,5,2,1
10,13,7,3,5,-4,-2
10,14,4,4,4,0,0
10,15,4,3,4,-1,0
10,16,5,1,3,-4,-2
10,17,7,2,4,-5,-3
10,18,5,3,4,-2,-1
10,19,1,7,4,6,3
10,20,2,8,5,6,3
10,21,1,6,4,5,3
10,22,2,4,3,2,1
10,23,8,1,4,-7,-4
10,24,3,7,5,4,2
10,25,8,4,6,-4,-2
10,26,4,3,4,-1,0
10,27,7,8,8,1,1
10,28,8,1,4,-7,-4
10,29,8,3,6,-5,-2
10,30,3,8,6,5,3
10,31,1,6,4,5,3
10,32,3,5,4,2,1
10,33,4,6,5,2,1
10,34,8,2,5,-6,-3
10,35,2,1,2,-1,0
10,36,7,5,6,-2,-1
10,37,3,2,2,-1,-1
10,38,6,4,5,-2,-1
10,39,2,5,4,3,2
10,40,8,4,6,-4,-2
10,41,1,1,1,0,0
10,42,4,4,4,0,0
10,43,5,6,6,1,1
10,44,1,1,1,0,0
10,45,4,8,6,4,2
10,46,7,7,7,0,0
10,47,1,7,4,6,3
10,48,4,2,3,-2,-1
10,49,7,1,4,-6,-3
10,50,3,5,4,2,1
10,51,1,6,4,5,3
10,52,3,2,2,-1,-1
10,53,6,4,5,-2,-1
10,54,4,2,3,-2,-1
10,55,3,1,2,-2,-1
10,56,7,7,7,0,0
10,57,7,6,6,-1,-1
10,58,2,8,5,6,3
10,59,8,3,6,-5,-2
10,60,1,7,4,6,3
10,61,8,6,7,-2,-1
10,62,3,4,4,1,1
10,63,8,5,6,-3,-2
10,64,5,8,6,3,1
10,65,4,1,2,-3,-2
10,66,3,7,5,4,2
10,67,5,3,4,-2,-1
10,68,2,8,5,6,3
10,69,7,6,6,-1,-1
10,70,1,3,2,2,1
10,71,2,8,5,6,3
10,72,3,7,5,4,2
10,73,3,6,4,3,1
10,74,6,8,7,2,1
10,75,2,8,5,6,3
10,76,8,6,7,-2,-1
10,77,3,3,3,0,0
10,78,2,2,2,0,0
10,79,3,4,4,1,1
10,80,8,6,7,-2,-1
10,81,2,8,5,6,3
10,82,4,1,2,-3,-2
10,83,2,2,2,0,0
10,84,2,7,4,5,2
10,85,7,7,7,0,0
10,86,2,2,2,0,0
10,87,2,3,2,1,0
10,88,8,2,5,-6,-3
10,89,6,1,4,-5,-2
10,90,6,2,4,-4,-2
10,91,5,7,6,2,1
10,92,1,4,2,3,1
10,93,1,7,4,6,3
10,94,3,1,2,-2,-1
10,95,2,5,4,3,2
10,96,1,6,4,5,3
10,97,5,5,5,0,0
10,98,7,3,5,-4,-2
10,99,2,7,4,5,2
10,100,6,5,6,-1,0
10,101,5,4,4,-1,-1
10,102,8,7,8,-1,0
10,103,8,5,6,-3,-2
10,104,5,2,4,-3,-1
10,105,5,7,6,2,1
10,106,8,6,7,-2,-1
10,107,7,5,6,-2,-1
10,108,4,3,4,-1,0
10,109,6,4,5,-2,-1
10,110,4,8,6,4,2
10,111,2,4,3,2,1
10,112,3,8,6,5,3
10,113,6,7,6,1,0
10,114,4,5,4,1,0
10,115,5,3,4,-2,-1
10,116,7,5,6,-2,-1
10,117,1,6,4,5,3
10,118,8,5,6,-3,-2
10,119,2,5,4,3,2
10,120,6,1,4,-5,-2
10,121,2,6,4,4,2
10,122,7,6,6,-1,-1
10,123,6,3,4,-3,-2
10,124,6,5,6,-1,0
10,125,6,8,7,2,1
10,126,4,3,4,-1,0
10,127,2,2,2,0,0
10,128,6,1,4,-5,-2
10,129,8,3,6,-5,-2
10,130,8,1,4,-7,-4
10,131,7,2,4,-5,-3
10,132,7,5,6,-2,-1
10,133,3,7,5,4,2
10,134,5,2,4,-3,-1
10,135,5,6,6,1,1
10,136,7,3,5,-4,-2
10,137,5,8,6,3,1
10,138,2,6,4,4,2
10,139,1,6,4,5,3
10,140,3,7,5,4,2
10,141,8,6,7,-2,-1
10,142,3,7,5,4,2
10,143,5,2,4,-3,-1
10,144,1,2,2,1,1
10,145,7,2,4,-5,-3
10,146,6,1,4,-5,-2
10,147,8,6,7,-2,-1
10,148,8,3,6,-5,-2
10,149,6,2,4,-4,-2
10,150,4,1,2,-3,-2
10,151,3,5,4,2,1
10,152,8,4,6,-4,-2
10,153,2,2,2,0,0
11,1,8,2,5,-6,-3
11,2,7,8,8,1,1
11,3,8,2,5,-6,-3
11,4,5,7,6,2,1
11,5,7,8,8,1,1
11,6,6,7,6,1,0
11,7,6,6,6,0,0
11,8,2,5,4,3,2
11,9,8,4,6,-4,-2
11,10,5,6,6,1,1
11,11,6,2,4,-4,-2
11,12,2,1,2,-1,0
11,13,7,4,6,-3,-1
11,14,8,3,6,-5,-2
11,15,8,1,4,-7,-4
11,16,3,8,6,5,3
11,17,1,3,2,2,1
11,18,1,8,4,7,3
11,19,3,7,5,4,2
11,20,3,6,4,3,1
11,21,6,2,4,-4,-2
11,22,5,4,4,-1,-1
11,23,6,6,6,0,0
11,24,6,1,4,-5,-2
11,25,7,8,8,1,1
11,26,8,2,5,-6,-3
11,27,1,4,2,3,1
11,28,7,2,4,-5,-3
11,29,4,1,2,-3,-2
11,30,5,1,3,-4,-2
11,31,6,3,4,-3,-2
11,32,1,5,3,4,2
11,33,8,8,8,0,0
11,34,6,3,4,-3,-2
11,35,2,1,2,-1,0
11,36,5,2,4,-3,-1
11,37,6,4,5,-2,-1
11,38,8,5,6,-3,-2
11,39,8,1,4,-7,-4
11,40,1,6,4,5,3
11,41,7,5,6,-2,-1
11,42,5,6,6,1,1
11,43,8,6,7,-2,-1
11,44,1,8,4,7,3
11,45,1,8,4,7,3
11,46,5,8,6,3,1
11,47,8,7,8,-1,0
11,48,5,4,4,-1,-1
11,49,6,2,4,-4,-2
11,50,6,8,7,2,1
11,51,4,6,5,2,1
11,52,1,7,4,6,3
11,53,4,8,6,4,2
11,54,7,5,6,-2,-1
11,55,2,5,4,3,2
11,56,7,3,5,-4,-2
11,57,5,2,4,-3,-1
11,58,1,8,4,7,3
11,59,6,2,4,-4,-2
11,60,3,4,4,1,1
11,61,1,8,4,7,3
11,62,7,6,6,-1,-1
11,63,1,6,4,5,3
11,64,2,8,5,6,3
11,65,4,6,5,2,1
11,66,3,8,6,5,3
11,67,3,8,6,5,3
11,68,4,1,2,-3,-2
11,69,8,1,4,-7,-4
11,70,4,3,4,-1,0
11,71,3,2,2,-1,-1
11,72,8,3,6,-5,-2
11,73,4,6,5,2,1
11,74,3,3,3,0,0
11,75,7,3,5,-4,-2
11,76,3,2,2,-1,-1
11,77,5,1,3,-4,-2
11,78,8,5,6,-3,-2
11,79,2,5,4,3,2
11,80,5,2,4,-3,-1
11,81,7,2,4,-5,-3
11,82,5,5,5,0,0
11,83,3,1,2,-2,-1
11,84,7,6,6,-1,-1
11,85,4,2,3,-2,-1
11,86,1,4,2,3,1
11,87,6,7,6,1,0
11,88,1,7,4,6,3
11,89,8,1,4,-7,-4
11,90,2,1,2,-1,0
11,91,4,4,4,0,0
11,92,5,8,6,3,1
11,93,7,6,6,-1,-1
11,94,5,8,6,3,1
11,95,6,1,4,-5,-2
11,96,6,2,4,-4,-2
11,97,8,6,7,-2,-1
11,98,4,5,4,1,0
11,99,4,2,3,-2,-1
11,100,3,5,4,2,1
11,101,1,7,4,6,3
11,102,6,1,4,-5,-2
11,103,6,8,7,2,1
11,104,1,3,2,2,1
11,105,2,1,2,-1,0
11,106,5,5,5,0,0
11,107,2,1,2,-1,0
11,108,1,6,4,5,3
11,109,2,1,2,-1,0
11,110,6,1,4,-5,-2
11,111,1,1,1,0,0
11,112,6,4,5,-2,-1
11,113,4,7,6,3,2
11,114,7,7,7,0,0
11,115,6,1,4,-5,-2
11,116,6,4,5,-2,-1
11,117,3,4,4,1,1
11,118,1,5,3,4,2
11,119,1,6,4,5,3
11,120,6,4,5,-2,-1
11,121,7,5,6,-2,-1
11,122,8,7,8,-1,0
11,123,3,1,2,-2,-1
11,124,5,2,4,-3,-1
11,125,2,4,3,2,1
11,126,2,4,3,2,1
11,127,3,7,5,4,2
11,128,6,3,4,-3,-2
11,129,5,3,4,-2,-1
11,130,7,1,4,-6,-3
11,131,5,4,4,-1,-1
11,132,6,6,6,0,0
11,133,2,7,4,5,2
11,134,3,6,4,3,1
11,135,8,8,8,0,0
11,136,7,2,4,-5,-3
11,137,4,4,4,0,0
11,138,2,3,2,1,0
11,139,3,3,3,0,0
11,140,7,2,4,-5,-3
11,141,7,4,6,-3,-1
11,142,4,5,4,1,0
11,143,6,8,7,2,1
11,144,7,5,6,-2,-1
11,145,1,8,4,7,3
11,146,7,6,6,-1,-1
11,147,6,7,6,1,0
11,148,6,7,6,1,0
11,149,2,2,2,0,0
11,150,7,6,6,-1,-1
11,151,2,8,5,6,3
11,152,2,3,2,1,0
11,153,7,2,4,-5,-3
12,1,3,2,2,-1,-1
12,2,1,3,2,2,1
12,3,6,2,4,-4,-2
12,4,8,5,6,-3,-2
12,5,8,8,8,0,0
12,6,7,6,6,-1,-1
12,7,4,5,4,1,0
12,8,7,6,6,-1,-1
12,9,5,3,4,-2,-1
12,10,4,4,4,0,0
12,11,3,7,5,4,2
12,12,3,5,4,2,1
12,13,2,7,4,5,2
12,14,2,7,4,5,2
12,15,5,8,6,3,1
12,16,4,4,4,0,0
12,17,5,1,3,-4,-2
12,18,8,3,6,-5,-2
12,19,3,6,4,3,1
12,20,8,3,6,-5,-2
12,21,6,6,6,0,0
12,22,7,2,4,-5,-3
12,23,7,8,8,1,1
12,24,1,4,2,3,1
12,25,5,2,4,-3,-1
12,26,2,6,4,4,2
12,27,3,8,6,5,3
12,28,3,1,2,-2,-1
12,29,1,6,4,5,3
12,30,6,2,4,-4,-2
12,31,6,7,6,1,0
12,32,3,6,4,3,1
12,33,8,5,6,-3,-2
12,34,1,2,2,1,1
12,35,6,5,6,-1,0
12,36,2,6,4,4,2
12,37,8,2,5,-6,-3
12,38,5,1,3,-4,-2
12,39,5,4,4,-1,-1
12,40,2,2,2,0,0
12,41,7,1,4,-6,-3
12,42,6,2,4,-4,-2
12,43,7,3,5,-4,-2
12,44,6,4,5,-2,-1
12,45,4,1,2,-3,-2
12,46,3,8,6,5,3
12,47,3,2,2,-1,-1
12,48,6,1,4,-5,-2
12,49,2,5,4,3,2
12,50,4,8,6,4,2
12,51,6,3,4,-3,-2
12,52,2,1,2,-1,0
12,53,3,2,2,-1,-1
12,54,2,2,2,0,0
12,55,5,6,6,1,1
12,56,3,3,3,0,0
12,57,7,8,8,1,1
12,58,1,7,4,6,3
12,59,5,7,6,2,1
12,60,7,4,6,-3,-1
12,61,3,2,2,-1,-1
12,62,3,8,6,5,3
12,63,7,8,8,1,1
12,64,4,5,4,1,0
12,65,8,6,7,-2,-1
12,66,1,8,4,7,3
12,67,8,3,6,-5,-2
12,68,6,2,4,-4,-2
12,69,1,3,2,2,1
12,70,5,2,4,-3,-1
12,71,7,6,6,-1,-1
12,72,1,5,3,4,2
12,73,6,3,4,-3,-2
12,74,1,6,4,5,3
12,75,6,1,4,-5,-2
12,76,5,7,6,2,1
12,77,1,2,2,1,1
12,78,3,3,3,0,0
12,79,2,8,5,6,3
12,80,4,8,6,4,2
12,81,6,5,6,-1,0
12,82,3,1,2,-2,-1
12,83,3,1,2,-2,-1
12,84,4,8,6,4,2
12,85,2,3,2,1,0
12,86,3,5,4,2,1
12,87,4,2,3,-2,-1
12,88,5,5,5,0,0
12,89,3,7,5,4,2
12,90,7,8,8,1,1
12,91,2,3,2,1,0
12,92,4,6,5,2,1
12,93,5,5,5,0,0
12,94,4,2,3,-2,-1
12,95,6,6,6,0,0
12,96,2,2,2,0,0
12,97,4,3,4,-1,0
12,98,1,7,4,6,3
12,99,2,2,2,0,0
12,100,3,7,5,4,2
12,101,5,4,4,-1,-1
12,102,1,4,2,3,1
12,103,1,5,3,4,2
12,104,3,6,4,3,1
12,105,7,6,6,-1,-1
12,106,6,5,6,-1,0
12,107,7,7,7,0,0
12,108,6,7,6,1,0
12,109,1,1,1,0,0
12,110,8,1,4,-7,-4
12,111,2,4,3,2,1
12,112,5,1,3,-4,-2
12,113,8,7,8,-1,0
12,114,8,4,6,-4,-2
12,115,2,2,2,0,0
12,116,1,5,3,4,2
12,117,2,8,5,6,3
12,118,5,1,3,-4,-2
12,119,7,3,5,-4,-2
12,120,4,7,6,3,2
12,121,2,2,2,0,0
12,122,7,7,7,0,0
12,123,1,1,1,0,0
12,124,6,4,5,-2,-1
12,125,3,6,4,3,1
12,126,7,1,4,-6,-3
12,127,6,3,4,-3,-2
12,128,7,1,4,-6,-3
12,129,1,3,2,2,1
12,130,4,6,5,2,1
12,131,7,8,8,1,1
12,132,7,8,8,1,1
12,133,2,3,2,1,0
12,134,4,4,4,0,0
12,135,2,5,4,3,2
12,136,3,4,4,1,1
12,137,7,7,7,0,0
12,138,4,4,4,0,0
12,139,3,5,4,2,1
12,140,7,1,4,-6,-3
12,141,7,2,4,-5,-3
12,142,8,7,8,-1,0
12,143,3,8,6,5,3
12,144,5,2,4,-3,-1
12,145,8,8,8,0,0
12,146,5,8,6,3,1
12,147,5,6,6,1,1
12,148,5,5,5,0,0
12,149,8,2,5,-6,-3
12,150,2,1,2,-1,0
12,151,5,5,5,0,0
12,152,4,2,3,-2,-1
12,153,2,2,2,0,0
13,1,2,2,2,0,0
13,2,4,6,5,2,1
13,3,6,5,6,-1,0
13,4,2,2,2,0,0
13,5,1,7,4,6,3
13,6,1,2,2,1,1
13,7,2,5,4,3,2
13,8,6,8,7,2,1
13,9,8,5,6,-3,-2
13,10,7,7,7,0,0
13,11,7,2,4,-5,-3
13,12,6,8,7,2,1
13,13,7,2,4,-5,-3
13,14,2,4,3,2,1
13,15,3,6,4,3,1
13,16,4,7,6,3,2
13,17,7,2,4,-5,-3
13,18,4,3,4,-1,0
13,19,2,5,4,3,2
13,20,5,7,6,2,1
13,21,3,3,3,0,0
13,22,3,2,2,-1,-1
13,23,8,7,8,-1,0
13,24,6,2,4,-4,-2
13,25,6,3,4,-3,-2
13,26,6,3,4,-3,-2
13,27,3,4,4,1,1
13,28,2,5,4,3,2
13,29,2,7,4,5,2
13,30,1,8,4,7,3
13,31,7,1,4,-6,-3
13,32,4,6,5,2,1
13,33,1,3,2,2,1
13,34,4,6,5,2,1
13,35,7,8,8,1,1
13,36,2,4,3,2,1
13,37,2,2,2,0,0
13,38,4,2,3,-2,-1
13,39,6,3,4,-3,-2
13,40,5,6,6,1,1
13,41,5,7,6,2,1
13,42,5,7,6,2,1
13,43,7,7,7,0,0
13,44,2,5,4,3,2
13,45,3,1,2,-2,-1
13,46,6,1,4,-5,-2
13,47,2,5,4,3,2
13,48,4,2,3,-2,-1
13,49,8,7,8,-1,0
13,50,2,8,5,6,3
13,51,5,6,6,1,1
13,52,3,7,5,4,2
13,53,3,5,4,2,1
13,54,6,4,5,-2,-1
13,55,5,8,6,3,1
13,56,4,4,4,0,0
13,57,5,2,4,-3,-1
13,58,8,8,8,0,0
13,59,4,2,3,-2,-1
13,60,7,4,6,-3,-1
13,61,5,6,6,1,1
13,62,2,7,4,5,2
13,63,4,3,4,-1,0
13,64,6,7,6,1,0
13,65,6,2,4,-4,-2
13,66,6,1,4,-5,-2
13,67,3,6,4,3,1
13,68,2,1,2,-1,0
13,69,5,2,4,-3,-1
13,70,3,1,2,-2,-1
13,71,7,6,6,-1,-1
13,72,3,4,4,1,1
13,73,5,4,4,-1,-1
13,74,7,3,5,-4,-2
13,75,1,3,2,2,1
13,76,7,3,5,-4,-2
13,77,3,3,3,0,0
13,78,1,1,1,0,0
13,79,3,6,4,3,1
13,80,6,2,4,-4,-2
13,81,8,3,6,-5,-2
13,82,2,8,5,6,3
13,83,4,8,6,4,2
13,84,3,8,6,5,3
13,85,5,1,3,-4,-2
13,86,4,4,4,0,0
13,87,3,5,4,2,1
13,88,1,6,4,5,3
13,89,7,5,6,-2,-1
13,90,3,2,2,-1,-1
13,91,4,6,5,2,1
13,92,7,3,5,-4,-2
13,93,4,4,4,0,0
13,94,6,6,6,0,0
13,95,6,4,5,-2,-1
13,96,6,1,4,-5,-2
13,97,2,6,4,4,2
13,98,6,3,4,-3,-2
13,99,1,1,1,0,0
13,100,5,5,5,0,0
13,101,6,3,4,-3,-2
13,102,8,6,7,-2,-1
13,103,6,6,6,0,0
13,104,2,2,2,0,0
13,105,4,7,6,3,2
13,106,4,1,2,-3,-2
13,107,5,8,6,3,1
13,108,2,3,2,1,0
13,109,6,8,7,2,1
13,110,8,8,8,0,0
13,111,3,2,2,-1,-1
13,112,5,4,4,-1,-1
13,113,2,6,4,4,2
13,114,3,8,6,5,3
13,115,6,6,6,0,0
13,116,1,3,2,2,1
13,117,5,7,6,2,1
13,118,8,5,6,-3,-2
13,119,5,5,5,0,0
13,120,6,8,7,2,1
13,121,6,8,7,2,1
13,122,3,8,6,5,3
13,123,6,4,5,-2,-1
13,124,8,7,8,-1,0
13,125,4,7,6,3,2
13,126,3,8,6,5,3
13,127,1,7,4,6,3
13,128,2,2,2,0,0
13,129,5,2,4,-3,-1
13,130,1,7,4,6,3
13,131,5,6,6,1,1
13,132,7,8,8,1,1
13,133,3,2,2,-1,-1
13,134,4,6,5,2,1
13,135,8,8,8,0,0
13,136,5,6,6,1,1
13,137,8,3,6,-5,-2
13,138,7,7,7,0,0
13,139,2,2,2,0,0
13,140,4,5,4,1,0
13,141,6,8,7,2,1
13,142,7,3,5,-4,-2
13,143,4,4,4,0,0
13,144,7,5,6,-2,-1
13,145,1,4,2,3,1
13,146,2,6,4,4,2
13,147,5,8,6,3,1
13,148,7,6,6,-1,-1
13,149,3,5,4,2,1
13,150,4,4,4,0,0
13,151,8,3,6,-5,-2
13,152,7,8,8,1,1
13,153,6,8,7,2,1
14,1,3,7,5,4,2
14,2,8,6,7,-2,-1
14,3,8,1,4,-7,-4
14,4,3,2,2,-1,-1
14,5,7,8,8,1,1
14,6,1,1,1,0,0
14,7,2,2,2,0,0
14,8,5,5,5,0,0
14,9,5,5,5,0,0
14,10,1,1,1,0,0
14,11,8,2,5,-6,-3
14,12,2,1,2,-1,0
14,13,2,1,2,-1,0
14,14,4,3,4,-1,0
14,15,3,2,2,-1,-1
14,16,7,8,8,1,1
14,17,1,4,2,3,1
14,18,6,2,4,-4,-2
14,19,6,3,4,-3,-2
14,20,1,2,2,1,1
14,21,3,6,4,3,1
14,22,2,5,4,3,2
14,23,8,3,6,-5,-2
14,24,4,7,6,3,2
14,25,7,1,4,-6,-3
14,26,8,4,6,-4,-2
14,27,8,7,8,-1,0
14,28,6,2,4,-4,-2
14,29,8,7,8,-1,0
14,30,4,5,4,1,0
14,31,7,2,4,-5,-3
14,32,7,3,5,-4,-2
14,33,6,5,6,-1,0
14,34,1,6,4,5,3
14,35,4,5,4,1,0
14,36,8,7,8,-1,0
14,37,4,2,3,-2,-1
14,38,3,5,4,2,1
14,39,5,5,5,0,0
14,40,6,8,7,2,1
14,41,4,1,2,-3,-2
14,42,4,2,3,-2,-1
14,43,3,8,6,5,3
14,44,8,2,5,-6,-3
14,45,7,6,6,-1,-1
14,46,8,4,6,-4,-2
14,47,8,5,6,-3,-2
14,48,5,5,5,0,0
14,49,8,5,6,-3,-2
14,50,4,7,6,3,2
14,51,1,7,4,6,3
14,52,7,8,8,1,1
14,53,2,6,4,4,2
14,54,2,8,5,6,3
14,55,3,8,6,5,3
14,56,1,4,2,3,1
14,57,8,3,6,-5,-2
14,58,1,3,2,2,1
14,59,5,4,4,-1,-1
14,60,2,7,4,5,2
14,61,6,1,4,-5,-2
14,62,7,7,7,0,0
14,63,6,3,4,-3,-2
14,64,7,7,7,0,0
14,65,1,5,3,4,2
14,66,4,2,3,-2,-1
14,67,3,7,5,4,2
14,68,4,3,4,-1,0
14,69,8,6,7,-2,-1
14,70,4,4,4,0,0
14,71,2,8,5,6,3
14,72,6,5,6,-1,0
14,73,7,8,8,1,1
14,74,2,2,2,0,0
14,75,2,8,5,6,3
14,76,5,6,6,1,1
14,77,1,2,2,1,1
14,78,5,7,6,2,1
14,79,8,3,6,-5,-2
14,80,1,4,2,3,1
14,81,5,4,4,-1,-1
14,82,5,5,5,0,0
14,83,7,6,6,-1,-1
14,84,4,1,2,-3,-2
14,85,6,7,6,1,0
14,86,7,6,6,-1,-1
14,87,1,1,1,0,0
14,88,1,3,2,2,1
14,89,6,6,6,0,0
14,90,6,6,6,0,0
14,91,2,6,4,4,2
14,92,8,4,6,-4,-2
14,93,6,3,4,-3,-2
14,94,6,2,4,-4,-2
14,95,3,4,4,1,1
14,96,1,3,2,2,1
14,97,2,4,3,2,1
14,98,6,7,6,1,0
14,99,1,7,4,6,3
14,100,1,2,2,1,1
14,101,7,3,5,-4,-2
14,102,3,6,4,3,1
14,103,8,5,6,-3,-2
14,104,3,8,6,5,3
14,105,7,5,6,-2,-1
14,106,6,2,4,-4,-2
14,107,4,4,4,0,0
14,108,1,2,2,1,1
14,109,1,4,2,3,1
14,110,3,7,5,4,2
14,111,7,3,5,-4,-2
14,112,4,2,3,-2,-1
14,113,2,3,2,1,0
14,114,2,3,2,1,0
14,115,3,3,3,0,0
14,116,8,8,8,0,0
14,117,5,4,4,-1,-1
14,118,1,6,4,5,3
14,119,1,2,2,1,1
14,120,2,6,4,4,2
14,121,1,3,2,2,1
14,122,4,1,2,-3,-2
14,123,1,3,2,2,1
14,124,7,8,8,1,1
14,125,7,7,7,0,0
14,126,7,8,8,1,1
14,127,6,6,6,0,0
14,128,7,1,4,-6,-3
14,129,4,1,2,-3,-2
14,130,4,8,6,4,2
14,131,7,1,4,-6,-3
14,132,5,8,6,3,1
14,133,5,4,4,-1,-1
14,134,2,2,2,0,0
14,135,7,1,4,-6,-3
14,136,6,4,5,-2,-1
14,137,7,1,4,-6,-3
14,138,5,1,3,-4,-2
14,139,6,2,4,-4,-2
14,140,4,8,6,4,2
14,141,8,2,5,-6,-3
14,142,6,7,6,1,0
14,143,4,7,6,3,2
14,144,2,5,4,3,2
14,145,7,8,8,1,1
14,146,6,7,6,1,0
14,147,2,8,5,6,3
14,148,5,2,4,-3,-1
14,149,5,8,6,3,1
14,150,3,5,4,2,1
14,151,2,7,4,5,2
14,152,5,8,6,3,1
14,153,1,6,4,5,3
15,1,6,6,6,0,0
15,2,3,7,5,4,2
15,3,6,7,6,1,0
15,4,3,2,2,-1,-1
15,5,2,2,2,0,0
15,6,5,8,6,3,1
15,7,3,2,2,-1,-1
15,8,5,7,6,2,1
15,9,8,2,5,-6,-3
15,10,1,6,4,5,3
15,11,8,3,6,-5,-2
15,12,2,3,2,1,0
15,13,4,5,4,1,0
15,14,1,1,1,0,0
15,15,4,3,4,-1,0
15,16,2,3,2,1,0
15,17,4,4,4,0,0
15,18,6,2,4,-4,-2
15,19,3,8,6,5,3
15,20,6,6,6,0,0
15,21,8,8,8,0,0
15,22,1,5,3,4,2
15,23,7,2,4,-5,-3
15,24,3,4,4,1,1
15,25,6,3,4,-3,-2
15,26,1,7,4,6,3
15,27,6,6,6,0,0
15,28,3,2,2,-1,-1
15,29,1,4,2,3,1
15,30,7,1,4,-6,-3
15,31,2,6,4,4,2
15,32,1,8,4,7,3
15,33,7,5,6,-2,-1
15,34,2,4,3,2,1
15,35,3,1,2,-2,-1
15,36,2,1,2,-1,0
15,37,8,4,6,-4,-2
15,38,4,1,2,-3,-2
15,39,5,5,5,0,0
15,40,5,7,6,2,1
15,41,2,6,4,4,2
15,42,2,4,3,2,1
15,43,1,8,4,7,3
15,44,2,1,2,-1,0
15,45,5,8,6,3,1
15,46,2,2,2,0,0
15,47,2,6,4,4,2
15,48,2,5,4,3,2
15,49,2,4,3,2,1
15,50,3,8,6,5,3
15,51,8,2,5,-6,-3
15,52,7,8,8,1,1
15,53,3,5,4,2,1
15,54,1,8,4,7,3
15,55,8,5,6,-3,-2
15,56,5,3,4,-2,-1
15,57,5,5,5,0,0
15,58,4,7,6,3,2
15,59,5,2,4,-3,-1
15,60,6,7,6,1,0
15,61,8,6,7,-2,-1
15,62,4,1,2,-3,-2
15,63,6,8,7,2,1
15,64,8,5,6,-3,-2
15,65,5,1,3,-4,-2
15,66,2,1,2,-1,0
15,67,6,8,7,2,1
15,68,2,8,5,6,3
15,69,1,3,2,2,1
15,70,5,8,6,3,1
15,71,2,5,4,3,2
15,72,1,2,2,1,1
15,73,3,3,3,0,0
15,74,1,3,2,2,1
15,75,2,2,2,0,0
15,76,4,8,6,4,2
15,77,7,3,5,-4,-2
15,78,3,2,2,-1,-1
15,79,7,4,6,-3,-1
15,80,7,8,8,1,1
15,81,5,1,3,-4,-2
15,82,5,2,4,-3,-1
15,83,2,5,4,3,2
15,84,1,7,4,6,3
15,85,4,1,2,-3,-2
15,86,1,2,2,1,1
15,87,8,3,6,-5,-2
15,88,5,1,3,-4,-2
15,89,6,6,6,0,0
15,90,2,3,2,1,0
15,91,2,3,2,1,0
15,92,8,3,6,-5,-2
15,93,3,1,2,-2,-1
15,94,7,8,8,1,1
15,95,3,1,2,-2,-1
15,96,8,3,6,-5,-2
15,97,5,3,4,-2,-1
15,98,4,7,6,3,2
15,99,3,1,2,-2,-1
15,100,7,5,6,-2,-1
15,101,6,4,5,-2,-1
15,102,7,5,6,-2,-1
15,103,3,2,2,-1,-1
15,104,7,2,4,-5,-3
15,105,2,5,4,3,2
15,106,5,6,6,1,1
15,107,7,5,6,-2,-1
15,108,3,1,2,-2,-1
15,109,6,7,6,1,0
15,110,7,8,8,1,1
15,111,6,2,4,-4,-2
15,112,6,1,4,-5,-2
15,113,7,2,4,-5,-3
15,114,6,5,6,-1,0
15,115,2,4,3,2,1
15,116,3,2,2,-1,-1
15,117,5,1,3,-4,-2
15,118,8,3,6,-5,-2
15,119,4,4,4,0,0
15,120,3,5,4,2,1
15,121,8,6,7,-2,-1
15,122,5,1,3,-4,-2
15,123,7,4,6,-3,-1
15,124,7,5,6,-2,-1
15,125,1,7,4,6,3
15,126,6,4,5,-2,-1
15,127,1,8,4,7,3
15,128,5,1,3,-4,-2
15,129,3,4,4,1,1
15,130,8,7,8,-1,0
15,131,8,8,8,0,0
15,132,5,8,6,3,1
15,133,3,1,2,-2,-1
15,134,6,5,6,-1,0
15,135,2,2,2,0,0
15,136,4,5,4,1,0
15,137,4,7,6,3,2
15,138,7,8,8,1,1
15,139,1,1,1,0,0
15,140,5,4,4,-1,-1
15,141,4,2,3,-2,-1
15,142,8,1,4,-7,-4
15,143,5,4,4,-1,-1
15,144,2,3,2,1,0
15,145,3,7,5,4,2
15,146,6,2,4,-4,-2
15,147,1,6,4,5,3
15,148,5,3,4,-2,-1
15,149,8,1,4,-7,-4
15,150,6,2,4,-4,-2
15,151,5,5,5,0,0
15,152,5,6,6,1,1
15,153,4,5,4,1,0
16,1,4,1,2,-3,-2
16,2,8,7,8,-1,0
16,3,8,8,8,0,0
16,4,4,1,2,-3,-2
16,5,3,1,2,-2,-1
16,6,8,6,7,-2,-1
16,7,7,5,6,-2,-1
16,8,6,7,6,1,0
16,9,3,7,5,4,2
16,10,1,8,4,7,3
16,11,4,3,4,-1,0
16,12,6,2,4,-4,-2
16,13,3,2,2,-1,-1
16,14,2,4,3,2,1
16,15,7,2,4,-5,-3
16,16,3,4,4,1,1
16,17,1,7,4,6,3
16,18,3,2,2,-1,-1
16,19,4,8,6,4,2
16,20,7,3,5,-4,-2
16,21,3,7,5,4,2
16,22,2,3,2,1,0
16,23,6,7,6,1,0
16,24,4,2,3,-2,-1
16,25,8,2,5,-6,-3
16,26,6,4,5,-2,-1
16,27,8,8,8,0,0
16,28,8,2,5,-6,-3
16,29,2,4,3,2,1
16,30,4,8,6,4,2
16,31,1,2,2,1,1
16,32,8,2,5,-6,-3
16,33,2,3,2,1,0
16,34,5,3,4,-2,-1
16,35,2,5,4,3,2
16,36,5,4,4,-1,-1
16,37,8,5,6,-3,-2
16,38,3,4,4,1,1
16,39,4,1,2,-3,-2
16,40,2,8,5,6,3
16,41,1,4,2,3,1
16,42,6,4,5,-2,-1
16,43,8,4,6,-4,-2
16,44,6,7,6,1,0
16,45,7,7,7,0,0
16,46,2,7,4,5,2
16,47,4,4,4,0,0
16,48,3,4,4,1,1
16,49,7,4,6,-3,-1
16,50,4,2,3,-2,-1
16,51,6,7,6,1,0
16,52,4,4,4,0,0
16,53,3,4,4,1,1
16,54,8,2,5,-6,-3
16,55,8,2,5,-6,-3
16,56,2,7,4,5,2
16,57,8,4,6,-4,-2
16,58,4,6,5,2,1
16,59,3,5,4,2,1
16,60,1,4,2,3,1
16,61,5,3,4,-2,-1
16,62,3,8,6,5,3
16,63,1,7,4,6,3
16,64,3,1,2,-2,-1
16,65,3,3,3,0,0
16,66,7,6,6,-1,-1
16,67,4,7,6,3,2
16,68,8,3,6,-5,-2
16,69,3,4,4,1,1
16,70,2,7,4,5,2
16,71,5,8,6,3,1
16,72,7,7,7,0,0
16,73,3,4,4,1,1
16,74,4,2,3,-2,-1
16,75,6,7,6,1,0
16,76,8,3,6,-5,-2
16,77,5,6,6,1,1
16,78,4,3,4,-1,0
16,79,6,8,7,2,1
16,80,7,1,4,-6,-3
16,81,4,3,4,-1,0
16,82,7,1,4,-6,-3
16,83,8,3,6,-5,-2
16,84,8,5,6,-3,-2
16,85,8,6,7,-2,-1
16,86,2,1,2,-1,0
16,87,2,6,4,4,2
16,88,5,7,6,2,1
16,89,6,1,4,-5,-2
16,90,1,6,4,5,3
16,91,6,2,4,-4,-2
16,92,5,1,3,-4,-2
16,93,3,1,2,-2,-1
16,94,3,7,5,4,2
16,95,7,7,7,0,0
16,96,5,5,5,0,0
16,97,2,8,5,6,3
16,98,3,1,2,-2,-1
16,99,4,7,6,3,2
16,100,5,3,4,-2,-1
16,101,4,3,4,-1,0
16,102,1,2,2,1,1
16,103,6,2,4,-4,-2
16,104,2,3,2,1,0
16,105,6,4,5,-2,-1
16,106,2,2,2,0,0
16,107,2,5,4,3,2
16,108,3,5,4,2,1
16,109,1,7,4,6,3
16,110,6,8,7,2,1
16,111,3,7,5,4,2
16,112,6,2,4,-4,-2
16,113,6,4,5,-2,-1
16,114,4,2,3,-2,-1
16,115,4,4,4,0,0
16,116,3,5,4,2,1
16,117,7,2,4,-5,-3
16,118,5,8,6,3,1
16,119,6,7,6,1,0
16,120,7,2,4,-5,-3
16,121,5,2,4,-3,-1
16,122,2,8,5,6,3
16,123,5,8,6,3,1
16,124,6,6,6,0,0
16,125,4,2,3,-2,-1
16,126,5,1,3,-4,-2
16,127,6,1,4,-5,-2
16,128,6,4,5,-2,-1
16,129,2,8,5,6,3
16,130,2,1,2,-1,0
16,131,8,8,8,0,0
16,132,6,2,4,-4,-2
16,133,6,7,6,1,0
16,134,5,8,6,3,1
16,135,7,6,6,-1,-1
16,136,3,1,2,-2,-1
16,137,8,4,6,-4,-2
16,138,7,3,5,-4,-2
16,139,1,7,4,6,3
16,140,7,3,5,-4,-2
16,141,2,4,3,2,1
16,142,7,7,7,0,0
16,143,8,2,5,-6,-3
16,144,2,7,4,5,2
16,145,3,5,4,2,1
16,146,8,6,7,-2,-1
16,147,3,1,2,-2,-1
16,148,6,1,4,-5,-2
16,149,2,8,5,6,3
16,150,8,5,6,-3,-2
16,151,4,3,4,-1,0
16,152,7,3,5,-4,-2
16,153,7,8,8,1,1
17,1,4,2,3,-2,-1
17,2,5,3,4,-2,-1
17,3,3,8,6,5,3
17,4,6,5,6,-1,0
17,5,8,5,6,-3,-2
17,6,4,2,3,-2,-1
17,7,8,2,5,-6,-3
17,8,3,1,2,-2,-1
17,9,1,7,4,6,3
17,10,1,8,4,7,3
17,11,5,5,5,0,0
17,12,3,7,5,4,2
17,13,4,1,2,-3,-2
17,14,1,4,2,3,1
17,15,3,2,2,-1,-1
17,16,2,7,4,5,2
17,17,4,3,4,-1,0
17,18,3,4,4,1,1
17,19,6,5,6,-1,0
17,20,7,4,6,-3,-1
17,21,6,1,4,-5,-2
17,22,3,8,6,5,3
17,23,2,2,2,0,0
17,24,5,3,4,-2,-1
17,25,4,4,4,0,0
17,26,1,3,2,2,1
17,27,1,2,2,1,1
17,28,8,7,8,-1,0
17,29,4,7,6,3,2
17,30,7,3,5,-4,-2
17,31,6,8,7,2,1
17,32,1,1,1,0,0
17,33,6,8,7,2,1
17,34,1,5,3,4,2
17,35,5,8,6,3,1
17,36,5,2,4,-3,-1
17,37,1,7,4,6,3
17,38,4,8,6,4,2
17,39,7,7,7,0,0
17,40,3,4,4,1,1
17,41,4,7,6,3,2
17,42,7,1,4,-6,-3
17,43,6,7,6,1,0
17,44,2,6,4,4,2
17,45,6,5,6,-1,0
17,46,6,2,4,-4,-2
17,47,6,1,4,-5,-2
17,48,1,8,4,7,3
17,49,1,7,4,6,3
17,50,7,6,6,-1,-1
17,51,1,4,2,3,1
17,52,1,7,4,6,3
17,53,6,5,6,-1,0
17,54,3,4,4,1,1
17,55,3,6,4,3,1
17,56,7,2,4,-5,-3
17,57,1,5,3,4,2
17,58,1,5,3,4,2
17,59,3,2,2,-1,-1
17,60,4,1,2,-3,-2
17,61,5,8,6,3,1
17,62,6,4,5,-2,-1
17,63,7,3,5,-4,-2
17,64,7,6,6,-1,-1
17,65,4,6,5,2,1
17,66,3,6,4,3,1
17,67,2,5,4,3,2
17,68,5,6,6,1,1
17,69,3,3,3,0,0
17,70,6,7,6,1,0
17,71,4,7,6,3,2
17,72,2,8,5,6,3
17,73,8,7,8,-1,0
17,74,7,8,8,1,1
17,75,6,3,4,-3,-2
17,76,4,1,2,-3,-2
17,77,4,2,3,-2,-1
17,78,6,1,4,-5,-2
17,79,1,4,2,3,1
17,80,6,4,5,-2,-1
17,81,5,8,6,3,1
17,82,3,6,4,3,1
17,83,7,7,7,0,0
17,84,3,3,3,0,0
17,85,3,6,4,3,1
17,86,2,3,2,1,0
17,87,2,3,2,1,0
17,88,2,2,2,0,0
17,89,7,8,8,1,1
17,90,3,3,3,0,0
17,91,2,6,4,4,2
17,92,6,8,7,2,1
17,93,3,4,4,1,1
17,94,6,4,5,-2,-1
17,95,2,1,2,-1,0
17,96,6,4,5,-2,-1
17,97,1,6,4,5,3
17,98,4,4,4,0,0
17,99,6,2,4,-4,-2
17,100,4,6,5,2,1
17,101,8,8,8,0,0
17,102,5,8,6,3,1
17,103,3,2,2,-1,-1
17,104,2,4,3,2,1
17,105,7,2,4,-5,-3
17,106,2,5,4,3,2
17,107,1,8,4,7,3
17,108,8,6,7,-2,-1
17,109,3,2,2,-1,-1
17,110,4,8,6,4,2
17,111,6,1,4,-5,-2
17,112,6,6,6,0,0
17,113,4,2,3,-2,-1
17,114,2,1,2,-1,0
17,115,5,7,6,2,1
17,116,6,6,6,0,0
17,117,7,8,8,1,1
17,118,2,8,5,6,3
17,119,8,4,6,-4,-2
17,120,4,5,4,1,0
17,121,8,2,5,-6,-3
17,122,5,6,6,1,1
17,123,8,2,5,-6,-3
17,124,3,4,4,1,1
17,125,6,3,4,-3,-2
17,126,6,4,5,-2,-1
17,127,7,3,5,-4,-2
17,128,8,8,8,0,0
17,129,3,2,2,-1,-1
17,130,5,8,6,3,1
17,131,1,1,1,0,0
17,132,6,8,7,2,1
17,133,2,8,5,6,3
17,134,5,6,6,1,1
17,135,7,5,6,-2,-1
17,136,1,4,2,3,1
17,137,7,5,6,-2,-1
17,138,2,7,4,5,2
17,139,8,2,5,-6,-3
17,140,4,2,3,-2,-1
17,141,4,5,4,1,0
17,142,1,1,1,0,0
17,143,7,7,7,0,0
17,144,7,6,6,-1,-1
17,145,5,3,4,-2,-1
17,146,5,4,4,-1,-1
17,147,7,6,6,-1,-1
17,148,5,5,5,0,0
17,149,2,2,2,0,0
17,150,4,2,3,-2,-1
17,151,6,2,4,-4,-2
17,152,8,5,6,-3,-2
17,153,7,3,5,-4,-2
18,1,8,5,6,-3,-2
18,2,4,8,6,4,2
18,3,6,8,7,2,1
18,4,8,8,8,0,0
18,5,4,2,3,-2,-1
18,6,4,6,5,2,1
18,7,3,7,5,4,2
18,8,1,7,4,6,3
18,9,3,3,3,0,0
18,10,4,4,4,0,0
18,11,4,2,3,-2,-1
18,12,5,4,4,-1,-1
18,13,1,8,4,7,3
18,14,8,8,8,0,0
18,15,1,3,2,2,1
18,16,4,2,3,-2,-1
18,17,1,2,2,1,1
18,18,6,1,4,-5,-2
18,19,1,4,2,3,1
18,20,1,3,2,2,1
18,21,6,8,7,2,1
18,22,6,4,5,-2,-1
18,23,2,8,5,6,3
18,24,1,7,4,6,3
18,25,2,7,4,5,2
18,26,7,7,7,0,0
18,27,6,4,5,-2,-1
18,28,7,7,7,0,0
18,29,7,3,5,-4,-2
18,30,5,1,3,-4,-2
18,31,2,7,4,5,2
18,32,1,6,4,5,3
18,33,1,8,4,7,3
18,34,3,1,2,-2,-1
18,35,2,2,2,0,0
18,36,2,5,4,3,2
18,37,4,6,5,2,1
18,38,4,7,6,3,2
18,39,6,4,5,-2,-1
18,40,8,8,8,0,0
18,41,7,8,8,1,1
18,42,6,7,6,1,0
18,43,8,2,5,-6,-3
18,44,3,2,2,-1,-1
18,45,2,1,2,-1,0
18,46,1,3,2,2,1
18,47,1,2,2,1,1
18,48,2,7,4,5,2
18,49,4,4,4,0,0
18,50,8,5,6,-3,-2
18,51,7,2,4,-5,-3
18,52,1,4,2,3,1
18,53,4,1,2,-3,-2
18,54,5,3,4,-2,-1
18,55,7,7,7,0,0
18,56,1,1,1,0,0
18,57,1,7,4,6,3
18,58,6,6,6,0,0
18,59,3,4,4,1,1
18,60,1,5,3,4,2
18,61,8,2,5,-6,-3
18,62,8,8,8,0,0
18,63,8,3,6,-5,-2
18,64,8,6,7,-2,-1
18,65,1,1,1,0,0
18,66,7,2,4,-5,-3
18,67,3,2,2,-1,-1
18,68,8,4,6,-4,-2
18,69,5,2,4,-3,-1
18,70,3,8,6,5,3
18,71,5,2,4,-3,-1
18,72,4,2,3,-2,-1
18,73,8,7,8,-1,0
18,74,3,6,4,3,1
18,75,3,6,4,3,1
18,76,5,1,3,-4,-2
18,77,3,3,3,0,0
18,78,8,6,7,-2,-1
18,79,1,1,1,0,0
18,80,6,5,6,-1,0
18,81,2,7,4,5,2
18,82,6,4,5,-2,-1
18,83,6,2,4,-4,-2
18,84,1,8,4,7,3
18,85,5,2,4,-3,-1
18,86,3,7,5,4,2
18,87,7,2,4,-5,-3
18,88,7,7,7,0,0
18,89,8,8,8,0,0
18,90,2,5,4,3,2
18,91,1,8,4,7,3
18,92,6,1,4,-5,-2
18,93,5,8,6,3,1
18,94,3,6,4,3,1
18,95,8,6,7,-2,-1
18,96,6,2,4,-4,-2
18,97,3,4,4,1,1
18,98,5,5,5,0,0
18,99,4,7,6,3,2
18,100,5,5,5,0,0
18,101,3,4,4,1,1
18,102,7,4,6,-3,-1
18,103,1,2,2,1,1
18,104,8,4,6,-4,-2
18,105,2,5,4,3,2
18,106,2,8,5,6,3
18,107,4,1,2,-3,-2
18,108,2,1,2,-1,0
18,109,2,8,5,6,3
18,110,5,5,5,0,0
18,111,5,3,4,-2,-1
18,112,2,4,3,2,1
18,113,4,3,4,-1,0
18,114,4,7,6,3,2
18,115,3,8,6,5,3
18,116,6,5,6,-1,0
18,117,4,2,3,-2,-1
18,118,4,3,4,-1,0
18,119,7,2,4,-5,-3
18,120,7,6,6,-1,-1
18,121,3,1,2,-2,-1
18,122,8,1,4,-7,-4
18,123,1,3,2,2,1
18,124,6,6,6,0,0
18,125,1,5,3,4,2
18,126,2,2,2,0,0
18,127,5,8,6,3,1
18,128,8,4,6,-4,-2
18,129,2,1,2,-1,0
18,130,2,5,4,3,2
18,131,2,7,4,5,2
18,132,5,6,6,1,1
18,133,7,4,6,-3,-1
18,134,5,5,5,0,0
18,135,5,4,4,-1,-1
18,136,4,6,5,2,1
18,137,8,7,8,-1,0
18,138,2,7,4,5,2
18,139,2,1,2,-1,0
18,140,2,7,4,5,2
18,141,1,2,2,1,1
18,142,2,3,2,1,0
18,143,5,2,4,-3,-1
18,144,3,2,2,-1,-1
18,145,5,4,4,-1,-1
18,146,5,3,4,-2,-1
18,147,1,7,4,6,3
18,148,7,8,8,1,1
18,149,7,5,6,-2,-1
18,150,2,8,5,6,3
18,151,6,7,6,1,0
18,152,2,2,2,0,0
18,153,3,3,3,0,0
19,1,5,2,4,-3,-1
19,2,8,8,8,0,0
19,3,2,4,3,2,1
19,4,4,8,6,4,2
19,5,6,4,5,-2,-1
19,6,6,8,7,2,1
19,7,8,1,4,-7,-4
19,8,5,3,4,-2,-1
19,9,7,7,7,0,0
19,10,7,3,5,-4,-2
19,11,4,5,4,1,0
19,12,6,5,6,-1,0
19,13,2,8,5,6,3
19,14,6,1,4,-5,-2
19,15,1,6,4,5,3
19,16,5,1,3,-4,-2
19,17,7,1,4,-6,-3
19,18,4,1,2,-3,-2
19,19,5,4,4,-1,-1
19,20,2,1,2,-1,0
19,21,4,7,6,3,2
19,22,6,8,7,2,1
19,23,8,4,6,-4,-2
19,24,4,3,4,-1,0
19,25,1,3,2,2,1
19,26,8,4,6,-4,-2
19,27,5,4,4,-1,-1
19,28,1,6,4,5,3
19,29,7,4,6,-3,-1
19,30,2,2,2,0,0
19,31,7,7,7,0,0
19,32,8,1,4,-7,-4
19,33,2,1,2,-1,0
19,34,7,6,6,-1,-1
19,35,6,5,6,-1,0
19,36,2,1,2,-1,0
19,37,7,7,7,0,0
19,38,8,2,5,-6,-3
19,39,2,1,2,-1,0
19,40,3,4,4,1,1
19,41,1,1,1,0,0
19,42,7,6,6,-1,-1
19,43,7,1,4,-6,-3
19,44,8,7,8,-1,0
19,45,6,8,7,2,1
19,46,4,5,4,1,0
19,47,6,6,6,0,0
19,48,2,4,3,2,1
19,49,6,6,6,0,0
19,50,4,4,4,0,0
19,51,6,2,4,-4,-2
19,52,5,8,6,3,1
19,53,2,7,4,5,2
19,54,3,4,4,1,1
19,55,7,3,5,-4,-2
19,56,6,3,4,-3,-2
19,57,5,8,6,3,1
19,58,7,1,4,-6,-3
19,59,3,3,3,0,0
19,60,8,7,8,-1,0
19,61,2,7,4,5,2
19,62,1,3,2,2,1
19,63,7,6,6,-1,-1
19,64,1,3,2,2,1
19,65,6,8,7,2,1
19,66,6,4,5,-2,-1
19,67,5,4,4,-1,-1
19,68,8,6,7,-2,-1
19,69,3,5,4,2,1
19,70,2,7,4,5,2
19,71,1,7,4,6,3
19,72,4,2,3,-2,-1
19,73,1,4,2,3,1
19,74,1,2,2,1,1
19,75,4,2,3,-2,-1
19,76,1,1,1,0,0
19,77,8,4,6,-4,-2
19,78,7,6,6,-1,-1
19,79,8,6,7,-2,-1
19,80,1,5,3,4,2
19,81,4,6,5,2,1
19,82,5,7,6,2,1
19,83,2,8,5,6,3
19,84,2,1,2,-1,0
19,85,3,8,6,5,3
19,86,3,6,4,3,1
19,87,7,6,6,-1,-1
19,88,2,3,2,1,0
19,89,6,7,6,1,0
19,90,4,4,4,0,0
19,91,1,6,4,5,3
19,92,5,6,6,1,1
19,93,4,8,6,4,2
19,94,8,4,6,-4,-2
19,95,3,6,4,3,1
19,96,2,7,4,5,2
19,97,4,3,4,-1,0
19,98,8,7,8,-1,0
19,99,2,5,4,3,2
19,100,1,3,2,2,1
19,101,2,1,2,-1,0
19,102,8,6,7,-2,-1
19,103,7,2,4,-5,-3
19,104,4,7,6,3,2
19,105,8,4,6,-4,-2
19,106,5,5,5,0,0
19,107,6,5,6,-1,0
19,108,3,6,4,3,1
19,109,3,8,6,5,3
19,110,1,8,4,7,3
19,111,8,1,4,-7,-4
19,112,3,7,5,4,2
19,113,4,5,4,1,0
19,114,2,7,4,5,2
19,115,3,2,2,-1,-1
19,116,6,3,4,-3,-2
19,117,6,6,6,0,0
19,118,1,5,3,4,2
19,119,8,6,7,-2,-1
19,120,2,2,2,0,0
19,121,6,6,6,0,0
19,122,4,2,3,-2,-1
19,123,4,5,4,1,0
19,124,1,7,4,6,3
19,125,8,8,8,0,0
19,126,2,8,5,6,3
19,127,4,2,3,-2,-1
19,128,3,2,2,-1,-1
19,129,3,7,5,4,2
19,130,4,7,6,3,2
19,131,6,7,6,1,0
19,132,1,3,2,2,1
19,133,5,4,4,-1,-1
19,134,5,6,6,1,1
19,135,4,3,4,-1,0
19,136,1,4,2,3,1
19,137,4,6,5,2,1
19,138,4,4,4,0,0
19,139,4,1,2,-3,-2
19,140,8,7,8,-1,0
19,141,1,3,2,2,1
19,142,5,6,6,1,1
19,143,1,1,1,0,0
19,144,3,7,5,4,2
19,145,7,7,7,0,0
19,146,5,6,6,1,1
19,147,5,1,3,-4,-2
19,148,6,1,4,-5,-2
19,149,2,3,2,1,0
19,150,7,6,6,-1,-1
19,151,2,6,4,4,2
19,152,6,7,6,1,0
19,153,7,3,5,-4,-2
20,1,8,1,4,-7,-4
20,2,4,2,3,-2,-1
20,3,7,4,6,-3,-1
20,4,3,3,3,0,0
20,5,4,1,2,-3,-2
20,6,5,5,5,0,0
20,7,4,4,4,0,0
20,8,3,7,5,4,2
20,9,6,5,6,-1,0
20,10,5,2,4,-3,-1
20,11,3,4,4,1,1
20,12,7,7,7,0,0
20,13,7,5,6,-2,-1
20,14,2,2,2,0,0
20,15,4,1,2,-3,-2
20,16,5,3,4,-2,-1
20,17,2,8,5,6,3
20,18,8,1,4,-7,-4
20,19,1,4,2,3,1
20,20,6,1,4,-5,-2
20,21,8,4,6,-4,-2
20,22,7,3,5,-4,-2
20,23,5,6,6,1,1
20,24,4,7,6,3,2
20,25,1,6,4,5,3
20,26,2,8,5,6,3
20,27,3,4,4,1,1
20,28,8,8,8,0,0
20,29,7,8,8,1,1
20,30,6,6,6,0,0
20,31,6,8,7,2,1
20,32,1,5,3,4,2
20,33,7,5,6,-2,-1
20,34,6,2,4,-4,-2
20,35,3,3,3,0,0
20,36,7,1,4,-6,-3
20,37,2,6,4,4,2
20,38,8,4,6,-4,-2
20,39,1,8,4,7,3
20,40,4,2,3,-2,-1
20,41,1,2,2,1,1
20,42,1,2,2,1,1
20,43,3,2,2,-1,-1
20,44,2,7,4,5,2
20,45,7,7,7,0,0
20,46,4,8,6,4,2
20,47,4,8,6,4,2
20,48,6,6,6,0,0
20,49,6,1,4,-5,-2
20,50,4,4,4,0,0
20,51,8,5,6,-3,-2
20,52,8,5,6,-3,-2
20,53,3,8,6,5,3
20,54,6,7,6,1,0
20,55,2,8,5,6,3
20,56,4,8,6,4,2
20,57,1,8,4,7,3
20,58,6,4,5,-2,-1
20,59,2,4,3,2,1
20,60,6,4,5,-2,-1
20,61,5,6,6,1,1
20,62,1,8,4,7,3
20,63,8,7,8,-1,0
20,64,6,6,6,0,0
20,65,7,6,6,-1,-1
20,66,2,6,4,4,2
20,67,4,3,4,-1,0
20,68,3,2,2,-1,-1
20,69,8,3,6,-5,-2
20,70,8,1,4,-7,-4
20,71,4,5,4,1,0
20,72,7,6,6,-1,-1
20,73,4,7,6,3,2
20,74,4,6,5,2,1
20,75,8,2,5,-6,-3
20,76,2,6,4,4,2
20,77,7,4,6,-3,-1
20,78,8,2,5,-6,-3
20,79,8,8,8,0,0
20,80,6,6,6,0,0
20,81,2,6,4,4,2
20,82,6,3,4,-3,-2
20,83,1,8,4,7,3
20,84,6,1,4,-5,-2
20,85,1,7,4,6,3
20,86,7,8,8,1,1
20,87,5,1,3,-4,-2
20,88,2,1,2,-1,0
20,89,1,4,2,3,1
20,90,7,1,4,-6,-3
20,91,1,1,1,0,0
20,92,8,5,6,-3,-2
20,93,4,1,2,-3,-2
20,94,1,8,4,7,3
20,95,2,1,2,-1,0
20,96,6,4,5,-2,-1
20,97,2,7,4,5,2
20,98,1,2,2,1,1
20,99,8,7,8,-1,0
20,100,6,5,6,-1,0
20,101,3,7,5,4,2
20,102,8,2,5,-6,-3
20,103,8,5,6,-3,-2
20,104,6,4,5,-2,-1
20,105,4,3,4,-1,0
20,106,3,5,4,2,1
20,107,4,5,4,1,0
20,108,5,8,6,3,1
20,109,7,3,5,-4,-2
20,110,6,4,5,-2,-1
20,111,2,6,4,4,2
20,112,5,5,5,0,0
20,113,6,5,6,-1,0
20,114,3,4,4,1,1
20,115,4,1,2,-3,-2
20,116,8,1,4,-7,-4
20,117,7,4,6,-3,-1
20,118,8,5,6,-3,-2
20,119,3,8,6,5,3
20,120,6,8,7,2,1
20,121,1,7,4,6,3
20,122,4,4,4,0,0
20,123,7,4,6,-3,-1
20,124,4,2,3,-2,-1
20,125,8,6,7,-2,-1
20,126,5,4,4,-1,-1
20,127,1,8,4,7,3
20,128,6,1,4,-5,-2
20,129,5,5,5,0,0
20,130,5,3,4,-2,-1
20,131,4,2,3,-2,-1
20,132,6,6,6,0,0
20,133,2,4,3,2,1
20,134,7,8,8,1,1
20,135,3,7,5,4,2
20,136,5,1,3,-4,-2
20,137,4,7,6,3,2
20,138,6,2,4,-4,-2
20,139,1,8,4,7,3
20,140,2,8,5,6,3
20,141,8,3,6,-5,-2
20,142,8,8,8,0,0
20,143,6,2,4,-4,-2
20,144,7,6,6,-1,-1
20,145,1,7,4,6,3
20,146,6,6,6,0,0
20,147,5,1,3,-4,-2
20,148,6,1,4,-5,-2
20,149,5,5,5,0,0
20,150,5,8,6,3,1
20,151,7,3,5,-4,-2
20,152,6,6,6,0,0
20,153,5,2,4,-3,-1
21,1,1,6,4,5,3
21,2,8,8,8,0,0
21,3,3,7,5,4,2
21,4,7,1,4,-6,-3
21,5,3,1,2,-2,-1
21,6,7,2,4,-5,-3
21,7,4,1,2,-3,-2
21,8,3,8,6,5,3
21,9,8,3,6,-5,-2
21,10,3,1,2,-2,-1
21,11,8,4,6,-4,-2
21,12,2,6,4,4,2
21,13,1,3,2,2,1
21,14,6,3,4,-3,-2
21,15,6,1,4,-5,-2
21,16,4,6,5,2,1
21,17,7,6,6,-1,-1
21,18,1,1,1,0,0
21,19,3,2,2,-1,-1
21,20,2,2,2,0,0
21,21,6,7,6,1,0
21,22,5,6,6,1,1
21,23,5,8,6,3,1
21,24,2,5,4,3,2
21,25,5,7,6,2,1
21,26,6,7,6,1,0
21,27,1,1,1,0,0
21,28,4,3,4,-1,0
21,29,1,8,4,7,3
21,30,6,2,4,-4,-2
21,31,8,6,7,-2,-1
21,32,2,1,2,-1,0
21,33,3,5,4,2,1
21,34,3,1,2,-2,-1
21,35,2,3,2,1,0
21,36,2,7,4,5,2
21,37,5,2,4,-3,-1
21,38,3,7,5,4,2
21,39,8,2,5,-6,-3
21,40,7,3,5,-4,-2
21,41,4,2,3,-2,-1
21,42,5,4,4,-1,-1
21,43,2,4,3,2,1
21,44,3,1,2,-2,-1
21,45,5,1,3,-4,-2
21,46,6,1,4,-5,-2
21,47,7,6,6,-1,-1
21,48,8,7,8,-1,0
21,49,5,1,3,-4,-2
21,50,2,6,4,4,2
21,51,8,2,5,-6,-3
21,52,2,6,4,4,2
21,53,5,3,4,-2,-1
21,54,8,5,6,-3,-2
21,55,5,2,4,-3,-1
21,56,2,2,2,0,0
21,57,4,8,6,4,2
21,58,2,2,2,0,0
21,59,5,4,4,-1,-1
21,60,3,1,2,-2,-1
21,61,8,4,6,-4,-2
21,62,8,3,6,-5,-2
21,63,1,5,3,4,2
21,64,3,3,3,0,0
21,65,6,6,6,0,0
21,66,5,6,6,1,1
21,67,7,2,4,-5,-3
21,68,3,2,2,-1,-1
21,69,2,6,4,4,2
21,70,2,3,2,1,0
21,71,2,1,2,-1,0
21,72,3,8,6,5,3
21,73,6,3,4,-3,-2
21,74,8,6,7,-2,-1
21,75,1,6,4,5,3
21,76,1,6,4,5,3
21,77,2,4,3,2,1
21,78,3,4,4,1,1
21,79,3,4,4,1,1
21,80,1,7,4,6,3
21,81,8,8,8,0,0
21,82,8,7,8,-1,0
21,83,1,5,3,4,2
21,84,6,4,5,-2,-1
21,85,4,7,6,3,2
21,86,6,3,4,-3,-2
21,87,1,2,2,1,1
21,88,8,1,4,-7,-4
21,89,7,4,6,-3,-1
21,90,1,4,2,3,1
21,91,3,1,2,-2,-1
21,92,2,6,4,4,2
21,93,8,5,6,-3,-2
21,94,5,1,3,-4,-2
21,95,7,1,4,-6,-3
21,96,8,7,8,-1,0
21,97,6,1,4,-5,-2
21,98,8,1,4,-7,-4
21,99,8,3,6,-5,-2
21,100,1,7,4,6,3
21,101,3,4,4,1,1
21,102,4,1,2,-3,-2
21,103,3,4,4,1,1
21,104,2,7,4,5,2
21,105,3,6,4,3,1
21,106,6,3,4,-3,-2
21,107,5,7,6,2,1
21,108,8,5,6,-3,-2
21,109,1,7,4,6,3
21,110,2,4,3,2,1
21,111,1,5,3,4,2
21,112,6,5,6,-1,0
21,113,1,1,1,0,0
21,114,3,5,4,2,1
21,115,4,3,4,-1,0
21,116,6,7,6,1,0
21,117,5,5,5,0,0
21,118,5,6,6,1,1
21,119,2,6,4,4,2
21,120,7,4,6,-3,-1
21,121,7,8,8,1,1
21,122,8,5,6,-3,-2
21,123,3,2,2,-1,-1
21,124,2,5,4,3,2
21,125,7,7,7,0,0
21,126,3,7,5,4,2
21,127,4,4,4,0,0
21,128,4,8,6,4,2
21,129,6,5,6,-1,0
21,130,3,7,5,4,2
21,131,5,5,5,0,0
21,132,7,7,7,0,0
21,133,7,2,4,-5,-3
21,134,6,5,6,-1,0
21,135,2,7,4,5,2
21,136,2,2,2,0,0
21,137,3,8,6,5,3
21,138,3,4,4,1,1
21,139,3,7,5,4,2
21,140,2,1,2,-1,0
21,141,2,2,2,0,0
21,142,6,6,6,0,0
21,143,1,5,3,4,2
21,144,4,6,5,2,1
21,145,8,4,6,-4,-2
21,146,8,3,6,-5,-2
21,147,1,7,4,6,3
21,148,5,8,6,3,1
21,149,1,1,1,0,0
21,150,4,7,6,3,2
21,151,6,4,5,-2,-1
21,152,6,1,4,-5,-2
21,153,6,8,7,2,1
22,1,2,6,4,4,2
22,2,5,7,6,2,1
22,3,8,7,8,-1,0
22,4,8,3,6,-5,-2
22,5,1,6,4,5,3
22,6,3,6,4,3,1
22,7,7,5,6,-2,-1
22,8,4,3,4,-1,0
22,9,7,6,6,-1,-1
22,10,7,3,5,-4,-2
22,11,3,8,6,5,3
22,12,7,6,6,-1,-1
22,13,4,8,6,4,2
22,14,2,5,4,3,2
22,15,8,4,6,-4,-2
22,16,8,5,6,-3,-2
22,17,7,2,4,-5,-3
22,18,6,1,4,-5,-2
22,19,2,6,4,4,2
22,20,5,5,5,0,0
22,21,6,5,6,-1,0
22,22,6,3,4,-3,-2
22,23,6,8,7,2,1
22,24,7,6,6,-1,-1
22,25,8,8,8,0,0
22,26,3,8,6,5,3
22,27,1,8,4,7,3
22,28,8,7,8,-1,0
22,29,7,5,6,-2,-1
22,30,1,5,3,4,2
22,31,5,2,4,-3,-1
22,32,5,8,6,3,1
22,33,7,3,5,-4,-2
22,34,4,3,4,-1,0
22,35,7,3,5,-4,-2
22,36,1,5,3,4,2
22,37,8,6,7,-2,-1
22,38,3,2,2,-1,-1
22,39,5,5,5,0,0
22,40,5,4,4,-1,-1
22,41,7,5,6,-2,-1
22,42,2,3,2,1,0
22,43,1,6,4,5,3
22,44,2,3,2,1,0
22,45,7,1,4,-6,-3
22,46,5,7,6,2,1
22,47,5,2,4,-3,-1
22,48,5,7,6,2,1
22,49,3,4,4,1,1
22,50,4,6,5,2,1
22,51,3,6,4,3,1
22,52,1,5,3,4,2
22,53,2,4,3,2,1
22,54,8,4,6,-4,-2
22,55,5,5,5,0,0
22,56,3,1,2,-2,-1
22,57,2,1,2,-1,0
22,58,8,5,6,-3,-2
22,59,4,2,3,-2,-1
22,60,2,1,2,-1,0
22,61,5,5,5,0,0
22,62,8,1,4,-7,-4
22,63,6,3,4,-3,-2
22,64,3,4,4,1,1
22,65,5,5,5,0,0
22,66,8,4,6,-4,-2
22,67,7,4,6,-3,-1
22,68,5,8,6,3,1
22,69,8,8,8,0,0
22,70,4,4,4,0,0
22,71,2,2,2,0,0
22,72,2,7,4,5,2
22,73,3,6,4,3,1
22,74,6,2,4,-4,-2
22,75,7,8,8,1,1
22,76,5,8,6,3,1
22,77,8,7,8,-1,0
22,78,2,3,2,1,0
22,79,7,5,6,-2,-1
22,80,2,4,3,2,1
22,81,5,6,6,1,1
22,82,5,8,6,3,1
22,83,6,8,7,2,1
22,84,3,7,5,4,2
22,85,2,2,2,0,0
22,86,4,4,4,0,0
22,87,7,1,4,-6,-3
22,88,4,6,5,2,1
22,89,8,2,5,-6,-3
22,90,7,5,6,-2,-1
22,91,4,5,4,1,0
22,92,6,8,7,2,1
22,93,3,8,6,5,3
22,94,8,1,4,-7,-4
22,95,5,6,6,1,1
22,96,7,7,7,0,0
22,97,6,7,6,1,0
22,98,2,2,2,0,0
22,99,5,5,5,0,0
22,100,4,2,3,-2,-1
22,101,4,3,4,-1,0
22,102,7,8,8,1,1
22,103,4,2,3,-2,-1
22,104,6,4,5,-2,-1
22,105,7,1,4,-6,-3
22,106,5,5,5,0,0
22,107,1,5,3,4,2
22,108,7,3,5,-4,-2
22,109,1,4,2,3,1
22,110,6,2,4,-4,-2
22,111,5,1,3,-4,-2
22,112,8,6,7,-2,-1
22,113,2,3,2,1,0
22,114,1,6,4,5,3
22,115,6,6,6,0,0
22,116,8,7,8,-1,0
22,117,8,4,6,-4,-2
22,118,4,2,3,-2,-1
22,119,5,4,4,-1,-1
22,120,5,1,3,-4,-2
22,121,1,4,2,3,1
22,122,2,7,4,5,2
22,123,5,5,5,0,0
22,124,1,6,4,5,3
22,125,6,6,6,0,0
22,126,2,3,2,1,0
22,127,8,6,7,-2,-1
22,128,5,1,3,-4,-2
22,129,3,3,3,0,0
22,130,1,3,2,2,1
22,131,1,6,4,5,3
22,132,7,4,6,-3,-1
22,133,1,1,1,0,0
22,134,2,6,4,4,2
22,135,5,5,5,0,0
22,136,6,2,4,-4,-2
22,137,5,3,4,-2,-1
22,138,2,5,4,3,2
22,139,1,5,3,4,2
22,140,4,2,3,-2,-1
22,141,6,5,6,-1,0
22,142,4,6,5,2,1
22,143,1,2,2,1,1
22,144,8,8,8,0,0
22,145,1,6,4,5,3
22,146,6,2,4,-4,-2
22,147,8,7,8,-1,0
22,148,8,6,7,-2,-1
22,149,3,8,6,5,3
22,150,8,1,4,-7,-4
22,151,8,4,6,-4,-2
22,152,3,7,5,4,2
22,153,5,4,4,-1,-1
23,1,2,6,4,4,2
23,2,4,8,6,4,2
23,3,1,1,1,0,0
23,4,8,3,6,-5,-2
23,5,5,7,6,2,1
23,6,8,6,7,-2,-1
23,7,6,5,6,-1,0
23,8,6,3,4,-3,-2
23,9,2,6,4,4,2
23,10,7,4,6,-3,-1
23,11,7,6,6,-1,-1
23,12,7,2,4,-5,-3
23,13,4,7,6,3,2
23,14,4,6,5,2,1
23,15,2,3,2,1,0
23,16,2,5,4,3,2
23,17,3,6,4,3,1
23,18,8,8,8,0,0
23,19,5,6,6,1,1
23,20,7,4,6,-3,-1
23,21,4,1,2,-3,-2
23,22,5,3,4,-2,-1
23,23,4,5,4,1,0
23,24,6,3,4,-3,-2
23,25,7,2,4,-5,-3
23,26,3,1,2,-2,-1
23,27,3,1,2,-2,-1
23,28,7,7,7,0,0
23,29,3,3,3,0,0
23,30,4,1,2,-3,-2
23,31,2,5,4,3,2
23,32,5,7,6,2,1
23,33,1,2,2,1,1
23,34,1,2,2,1,1
23,35,3,2,2,-1,-1
23,36,4,1,2,-3,-2
23,37,4,2,3,-2,-1
23,38,3,3,3,0,0
23,39,7,4,6,-3,-1
23,40,8,1,4,-7,-4
23,41,4,7,6,3,2
23,42,6,7,6,1,0
23,43,5,3,4,-2,-1
23,44,2,3,2,1,0
23,45,7,6,6,-1,-1
23,46,5,5,5,0,0
23,47,1,8,4,7,3
23,48,4,7,6,3,2
23,49,5,8,6,3,1
23,50,4,5,4,1,0
23,51,8,4,6,-4,-2
23,52,8,6,7,-2,-1
23,53,2,2,2,0,0
23,54,3,4,4,1,1
23,55,8,2,5,-6,-3
23,56,4,8,6,4,2
23,57,2,3,2,1,0
23,58,7,1,4,-6,-3
23,59,5,1,3,-4,-2
23,60,4,6,5,2,1
23,61,5,1,3,-4,-2
23,62,7,4,6,-3,-1
23,63,7,3,5,-4,-2
23,64,6,2,4,-4,-2
23,65,4,5,4,1,0
23,66,1,1,1,0,0
23,67,8,4,6,-4,-2
23,68,3,5,4,2,1
23,69,4,4,4,0,0
23,70,5,1,3,-4,-2
23,71,1,6,4,5,3
23,72,4,2,3,-2,-1
23,73,2,1,2,-1,0
23,74,4,6,5,2,1
23,75,5,3,4,-2,-1
23,76,5,6,6,1,1
23,77,7,8,8,1,1
23,78,3,4,4,1,1
23,79,5,7,6,2,1
23,80,1,4,2,3,1
23,81,4,2,3,-2,-1
23,82,4,3,4,-1,0
23,83,7,5,6,-2,-1
23,84,4,5,4,1,0
23,85,4,6,5,2,1
23,86,3,8,6,5,3
23,87,1,4,2,3,1
23,88,6,5,6,-1,0
23,89,3,8,6,5,3
23,90,8,5,6,-3,-2
23,91,4,4,4,0,0
23,92,7,5,6,-2,-1
23,93,7,1,4,-6,-3
23,94,5,7,6,2,1
23,95,1,3,2,2,1
23,96,4,3,4,-1,0
23,97,4,1,2,-3,-2
23,98,6,6,6,0,0
23,99,5,5,5,0,0
23,100,7,5,6,-2,-1
23,101,2,6,4,4,2
23,102,3,7,5,4,2
23,103,3,3,3,0,0
23,104,6,2,4,-4,-2
23,105,3,4,4,1,1
23,106,3,4,4,1,1
23,107,6,8,7,2,1
23,108,8,4,6,-4,-2
23,109,3,6,4,3,1
23,110,2,5,4,3,2
23,111,4,1,2,-3,-2
23,112,2,5,4,3,2
23,113,1,7,4,6,3
23,114,8,8,8,0,0
23,115,8,2,5,-6,-3
23,116,8,3,6,-5,-2
23,117,2,7,4,5,2
23,118,2,1,2,-1,0
23,119,5,3,4,-2,-1
23,120,2,6,4,4,2
23,121,6,7,6,1,0
23,122,7,7,7,0,0
23,123,1,6,4,5,3
23,124,2,3,2,1,0
23,125,6,5,6,-1,0
23,126,7,1,4,-6,-3
23,127,6,1,4,-5,-2
23,128,7,3,5,-4,-2
23,129,5,8,6,3,1
23,130,7,6,6,-1,-1
23,131,4,6,5,2,1
23,132,2,6,4,4,2
23,133,3,5,4,2,1
23,134,2,6,4,4,2
23,135,2,8,5,6,3
23,136,1,7,4,6,3
23,137,2,8,5,6,3
23,138,8,2,5,-6,-3
23,139,5,5,5,0,0
23,140,6,2,4,-4,-2
23,141,3,8,6,5,3
23,142,2,4,3,2,1
23,143,4,6,5,2,1
23,144,1,4,2,3,1
23,145,2,6,4,4,2
23,146,3,6,4,3,1
23,147,4,5,4,1,0
23,148,8,5,6,-3,-2
23,149,2,7,4,5,2
23,150,6,5,6,-1,0
23,151,4,3,4,-1,0
23,152,3,6,4,3,1
23,153,4,7,6,3,2
24,1,4,8,6,4,2
24,2,8,4,6,-4,-2
24,3,8,1,4,-7,-4
24,4,5,5,5,0,0
24,5,8,2,5,-6,-3
24,6,2,6,4,4,2
24,7,4,5,4,1,0
24,8,7,4,6,-3,-1
24,9,7,7,7,0,0
24,10,1,6,4,5,3
24,11,2,2,2,0,0
24,12,3,7,5,4,2
24,13,5,4,4,-1,-1
24,14,4,3,4,-1,0
24,15,8,4,6,-4,-2
24,16,6,8,7,2,1
24,17,6,5,6,-1,0
24,18,6,7,6,1,0
24,19,7,1,4,-6,-3
24,20,1,3,2,2,1
24,21,1,1,1,0,0
24,22,4,6,5,2,1
24,23,3,4,4,1,1
24,24,8,1,4,-7,-4
24,25,2,7,4,5,2
24,26,4,1,2,-3,-2
24,27,2,1,2,-1,0
24,28,4,4,4,0,0
24,29,3,5,4,2,1
24,30,6,6,6,0,0
24,31,3,7,5,4,2
24,32,1,1,1,0,0
24,33,3,2,2,-1,-1
24,34,8,4,6,-4,-2
24,35,3,4,4,1,1
24,36,1,4,2,3,1
24,37,3,8,6,5,3
24,38,1,3,2,2,1
24,39,6,8,7,2,1
24,40,5,6,6,1,1
24,41,3,4,4,1,1
24,42,3,4,4,1,1
24,43,1,5,3,4,2
24,44,8,5,6,-3,-2
24,45,6,5,6,-1,0
24,46,3,2,2,-1,-1
24,47,8,8,8,0,0
24,48,7,4,6,-3,-1
24,49,5,2,4,-3,-1
24,50,8,1,4,-7,-4
24,51,5,4,4,-1,-1
24,52,7,6,6,-1,-1
24,53,1,5,3,4,2
24,54,6,2,4,-4,-2
24,55,6,5,6,-1,0
24,56,2,7,4,5,2
24,57,8,2,5,-6,-3
24,58,2,5,4,3,2
24,59,7,8,8,1,1
24,60,8,2,5,-6,-3
24,61,4,2,3,-2,-1
24,62,2,5,4,3,2
24,63,8,8,8,0,0
24,64,4,6,5,2,1
24,65,8,5,6,-3,-2
24,66,6,2,4,-4,-2
24,67,2,1,2,-1,0
24,68,1,6,4,5,3
24,69,4,3,4,-1,0
24,70,2,1,2,-1,0
24,71,7,8,8,1,1
24,72,7,6,6,-1,-1
24,73,8,8,8,0,0
24,74,3,8,6,5,3
24,75,5,2,4,-3,-1
24,76,7,5,6,-2,-1
24,77,4,4,4,0,0
24,78,4,3,4,-1,0
24,79,3,8,6,5,3
24,80,2,7,4,5,2
24,81,7,5,6,-2,-1
24,82,8,8,8,0,0
24,83,2,7,4,5,2
24,84,5,7,6,2,1
24,85,3,1,2,-2,-1
24,86,8,7,8,-1,0
24,87,6,4,5,-2,-1
24,88,2,4,3,2,1
24,89,7,7,7,0,0
24,90,2,4,3,2,1
24,91,8,3,6,-5,-2
24,92,1,1,1,0,0
24,93,7,5,6,-2,-1
24,94,1,2,2,1,1
24,95,8,7,8,-1,0
24,96,1,5,3,4,2
24,97,3,5,4,2,1
24,98,4,5,4,1,0
24,99,6,3,4,-3,-2
24,100,8,7,8,-1,0
24,101,6,6,6,0,0
24,102,1,7,4,6,3
24,103,2,7,4,5,2
24,104,4,8,6,4,2
24,105,6,3,4,-3,-2
24,106,6,8,7,2,1
24,107,5,7,6,2,1
24,108,7,4,6,-3,-1
24,109,1,1,1,0,0
24,110,8,8,8,0,0
24,111,7,2,4,-5,-3
24,112,8,3,6,-5,-2
24,113,3,7,5,4,2
24,114,4,8,6,4,2
24,115,4,7,6,3,2
24,116,5,7,6,2,1
24,117,8,2,5,-6,-3
24,118,6,6,6,0,0
24,119,1,7,4,6,3
24,120,3,4,4,1,1
24,121,8,1,4,-7,-4
24,122,7,4,6,-3,-1
24,123,3,8,6,5,3
24,124,6,7,6,1,0
24,125,8,1,4,-7,-4
24,126,4,1,2,-3,-2
24,127,5,6,6,1,1
24,128,4,3,4,-1,0
24,129,2,1,2,-1,0
24,130,4,8,6,4,2
24,131,4,7,6,3,2
24,132,6,6,6,0,0
24,133,2,6,4,4,2
24,134,7,2,4,-5,-3
24,135,3,1,2,-2,-1
24,136,3,8,6,5,3
24,137,6,2,4,-4,-2
24,138,3,5,4,2,1
24,139,1,2,2,1,1
24,140,7,3,5,-4,-2
24,141,4,2,3,-2,-1
24,142,7,8,8,1,1
24,143,7,3,5,-4,-2
24,144,4,7,6,3,2
24,145,7,5,6,-2,-1
24,146,1,5,3,4,2
24,147,2,3,2,1,0
24,148,5,7,6,2,1
24,149,1,3,2,2,1
24,150,4,2,3,-2,-1
24,151,2,7,4,5,2
24,152,7,7,7,0,0
24,153,7,5,6,-2,-1
25,1,1,1,1,0,0
25,2,4,2,3,-2,-1
25,3,6,5,6,-1,0
25,4,3,5,4,2,1
25,5,7,7,7,0,0
25,6,5,3,4,-2,-1
25,7,7,8,8,1,1
25,8,7,7,7,0,0
25,9,7,2,4,-5,-3
25,10,7,6,6,-1,-1
25,11,5,1,3,-4,-2
25,12,3,8,6,5,3
25,13,8,6,7,-2,-1
25,14,6,3,4,-3,-2
25,15,7,7,7,0,0
25,16,7,7,7,0,0
25,17,4,3,4,-1,0
25,18,4,6,5,2,1
25,19,2,7,4,5,2
25,20,4,8,6,4,2
25,21,7,3,5,-4,-2
25,22,6,7,6,1,0
25,23,5,5,5,0,0
25,24,8,8,8,0,0
25,25,1,2,2,1,1
25,26,6,6,6,0,0
25,27,8,3,6,-5,-2
25,28,6,1,4,-5,-2
25,29,7,1,4,-6,-3
25,30,7,6,6,-1,-1
25,31,3,1,2,-2,-1
25,32,1,8,4,7,3
25,33,3,2,2,-1,-1
25,34,7,2,4,-5,-3
25,35,6,1,4,-5,-2
25,36,5,6,6,1,1
25,37,3,4,4,1,1
25,38,8,1,4,-7,-4
25,39,7,4,6,-3,-1
25,40,8,1,4,-7,-4
25,41,1,1,1,0,0
25,42,5,7,6,2,1
25,43,5,8,6,3,1
25,44,1,2,2,1,1
25,45,3,5,4,2,1
25,46,5,2,4,-3,-1
25,47,7,5,6,-2,-1
25,48,6,3,4,-3,-2
25,49,5,5,5,0,0
25,50,2,7,4,5,2
25,51,3,4,4,1,1
25,52,6,3,4,-3,-2
25,53,6,7,6,1,0
25,54,7,2,4,-5,-3
25,55,3,7,5,4,2
25,56,1,8,4,7,3
25,57,5,8,6,3,1
25,58,2,3,2,1,0
25,59,5,5,5,0,0
25,60,2,6,4,4,2
25,61,7,2,4,-5,-3
25,62,3,8,6,5,3
25,63,6,4,5,-2,-1
25,64,4,3,4,-1,0
25,65,2,5,4,3,2
25,66,5,1,3,-4,-2
25,67,1,5,3,4,2
25,68,2,8,5,6,3
25,69,6,8,7,2,1
25,70,2,2,2,0,0
25,71,7,3,5,-4,-2
25,72,5,2,4,-3,-1
25,73,4,2,3,-2,-1
25,74,4,3,4,-1,0
25,75,3,6,4,3,1
25,76,8,2,5,-6,-3
25,77,7,2,4,-5,-3
25,78,6,8,7,2,1
25,79,2,3,2,1,0
25,80,3,4,4,1,1
25,81,3,8,6,5,3
25,82,5,7,6,2,1
25,83,7,8,8,1,1
25,84,7,5,6,-2,-1
25,85,6,6,6,0,0
25,86,5,7,6,2,1
25,87,3,6,4,3,1
25,88,6,6,6,0,0
25,89,1,5,3,4,2
25,90,4,4,4,0,0
25,91,6,1,4,-5,-2
25,92,1,6,4,5,3
25,93,7,2,4,-5,-3
25,94,1,3,2,2,1
25,95,5,2,4,-3,-1
25,96,5,3,4,-2,-1
25,97,2,4,3,2,1
25,98,7,1,4,-6,-3
25,99,6,3,4,-3,-2
25,100,2,4,3,2,1
25,101,6,8,7,2,1
25,102,3,8,6,5,3
25,103,6,2,4,-4,-2
25,104,8,5,6,-3,-2
25,105,7,2,4,-5,-3
25,106,6,2,4,-4,-2
25,107,1,4,2,3,1
25,108,7,1,4,-6,-3
25,109,7,6,6,-1,-1
25,110,2,4,3,2,1
25,111,2,3,2,1,0
25,112,2,4,3,2,1
25,113,8,7,8,-1,0
25,114,8,2,5,-6,-3
25,115,7,5,6,-2,-1
25,116,7,7,7,0,0
25,117,1,7,4,6,3
25,118,6,3,4,-3,-2
25,119,1,8,4,7,3
25,120,5,7,6,2,1
25,121,8,7,8,-1,0
25,122,4,4,4,0,0
25,123,6,8,7,2,1
25,124,2,1,2,-1,0
25,125,2,5,4,3,2
25,126,6,2,4,-4,-2
25,127,3,3,3,0,0
25,128,4,1,2,-3,-2
25,129,6,3,4,-3,-2
25,130,3,8,6,5,3
25,131,6,1,4,-5,-2
25,132,1,1,1,0,0
25,133,1,7,4,6,3
25,134,4,3,4,-1,0
25,135,2,5,4,3,2
25,136,6,5,6,-1,0
25,137,6,8,7,2,1
25,138,4,3,4,-1,0
25,139,1,3,2,2,1
25,140,6,4,5,-2,-1
25,141,1,5,3,4,2
25,142,8,5,6,-3,-2
25,143,1,3,2,2,1
25,144,3,5,4,2,1
25,145,7,5,6,-2,-1
25,146,6,8,7,2,1
25,147,4,7,6,3,2
25,148,6,5,6,-1,0
25,149,6,6,6,0,0
25,150,6,6,6,0,0
25,151,4,7,6,3,2
25,152,8,7,8,-1,0
25,153,4,2,3,-2,-1
26,1,5,6,6,1,1
26,2,8,6,7,-2,-1
26,3,3,8,6,5,3
26,4,4,3,4,-1,0
26,5,5,6,6,1,1
26,6,7,7,7,0,0
26,7,3,5,4,2,1
26,8,6,7,6,1,0
26,9,1,4,2,3,1
26,10,6,6,6,0,0
26,11,3,4,4,1,1
26,12,4,8,6,4,2
26,13,7,8,8,1,1
26,14,4,1,2,-3,-2
26,15,3,1,2,-2,-1
26,16,3,5,4,2,1
26,17,3,3,3,0,0
26,18,7,8,8,1,1
26,19,3,5,4,2,1
26,20,6,3,4,-3,-2
26,21,6,6,6,0,0
26,22,7,2,4,-5,-3
26,23,3,6,4,3,1
26,24,7,6,6,-1,-1
26,25,5,5,5,0,0
26,26,8,7,8,-1,0
26,27,4,2,3,-2,-1
26,28,2,2,2,0,0
26,29,7,1,4,-6,-3
26,30,3,7,5,4,2
26,31,3,1,2,-2,-1
26,32,2,5,4,3,2
26,33,7,6,6,-1,-1
26,34,3,3,3,0,0
26,35,7,2,4,-5,-3
26,36,6,7,6,1,0
26,37,7,2,4,-5,-3
26,38,7,5,6,-2,-1
26,39,6,5,6,-1,0
26,40,7,2,4,-5,-3
26,41,6,5,6,-1,0
26,42,6,4,5,-2,-1
26,43,8,7,8,-1,0
26,44,1,7,4,6,3
26,45,1,2,2,1,1
26,46,2,5,4,3,2
26,47,4,1,2,-3,-2
26,48,7,1,4,-6,-3
26,49,7,6,6,-1,-1
26,50,3,4,4,1,1
26,51,6,4,5,-2,-1
26,52,6,1,4,-5,-2
26,53,8,5,6,-3,-2
26,54,5,8,6,3,1
26,55,3,8,6,5,3
26,56,2,7,4,5,2
26,57,4,2,3,-2,-1
26,58,4,5,4,1,0
26,59,3,7,5,4,2
26,60,1,7,4,6,3
26,61,1,1,1,0,0
26,62,4,1,2,-3,-2
26,63,7,1,4,-6,-3
26,64,5,5,5,0,0
26,65,5,3,4,-2,-1
26,66,7,7,7,0,0
26,67,1,1,1,0,0
26,68,2,3,2,1,0
26,69,8,6,7,-2,-1
26,70,7,1,4,-6,-3
26,71,8,1,4,-7,-4
26,72,7,4,6,-3,-1
26,73,1,5,3,4,2
26,74,7,5,6,-2,-1
26,75,2,8,5,6,3
26,76,8,3,6,-5,-2
26,77,8,2,5,-6,-3
26,78,3,4,4,1,1
26,79,1,3,2,2,1
26,80,2,3,2,1,0
26,81,6,5,6,-1,0
26,82,3,6,4,3,1
26,83,5,5,5,0,0
26,84,6,2,4,-4,-2
26,85,7,7,7,0,0
26,86,3,7,5,4,2
26,87,6,3,4,-3,-2
26,88,2,3,2,1,0
26,89,8,3,6,-5,-2
26,90,7,4,6,-3,-1
26,91,5,2,4,-3,-1
26,92,1,5,3,4,2
26,93,5,3,4,-2,-1
26,94,4,5,4,1,0
26,95,1,4,2,3,1
26,96,5,1,3,-4,-2
26,97,5,1,3,-4,-2
26,98,6,2,4,-4,-2
26,99,8,1,4,-7,-4
26,100,8,6,7,-2,-1
26,101,5,4,4,-1,-1
26,102,6,5,6,-1,0
26,103,2,5,4,3,2
26,104,6,8,7,2,1
26,105,7,7,7,0,0
26,106,8,3,6,-5,-2
26,107,1,6,4,5,3
26,108,5,5,5,0,0
26,109,7,3,5,-4,-2
26,110,3,4,4,1,1
26,111,2,3,2,1,0
26,112,2,5,4,3,2
26,113,6,7,6,1,0
26,114,3,7,5,4,2
26,115,5,4,4,-1,-1
26,116,6,2,4,-4,-2
26,117,8,1,4,-7,-4
26,118,7,5,6,-2,-1
26,119,6,4,5,-2,-1
26,120,6,5,6,-1,0
26,121,7,7,7,0,0
26,122,2,7,4,5,2
26,123,6,5,6,-1,0
26,124,7,6,6,-1,-1
26,125,8,3,6,-5,-2
26,126,1,3,2,2,1
26,127,1,3,2,2,1
26,128,2,3,2,1,0
26,129,7,7,7,0,0
26,130,3,5,4,2,1
26,131,1,4,2,3,1
26,132,5,5,5,0,0
26,133,2,8,5,6,3
26,134,3,6,4,3,1
26,135,6,1,4,-5,-2
26,136,7,5,6,-2,-1
26,137,3,3,3,0,0
26,138,8,8,8,0,0
26,139,7,3,5,-4,-2
26,140,6,5,6,-1,0
26,141,8,1,4,-7,-4
26,142,6,3,4,-3,-2
26,143,1,1,1,0,0
26,144,3,1,2,-2,-1
26,145,2,1,2,-1,0
26,146,4,2,3,-2,-1
26,147,8,7,8,-1,0
26,148,4,2,3,-2,-1
26,149,6,4,5,-2,-1
26,150,1,4,2,3,1
26,151,7,3,5,-4,-2
26,152,8,2,5,-6,-3
26,153,5,1,3,-4,-2
27,1,1,1,1,0,0
27,2,5,2,4,-3,-1
27,3,3,5,4,2,1
27,4,6,3,4,-3,-2
27,5,8,4,6,-4,-2
27,6,1,2,2,1,1
27,7,7,3,5,-4,-2
27,8,6,2,4,-4,-2
27,9,1,3,2,2,1
27,10,3,8,6,5,3
27,11,3,1,2,-2,-1
27,12,6,4,5,-2,-1
27,13,5,1,3,-4,-2
27,14,7,6,6,-1,-1
27,15,3,4,4,1,1
27,16,3,4,4,1,1
27,17,7,7,7,0,0
27,18,5,2,4,-3,-1
27,19,3,3,3,0,0
27,20,3,3,3,0,0
27,21,4,6,5,2,1
27,22,8,6,7,-2,-1
27,23,7,1,4,-6,-3
27,24,6,2,4,-4,-2
27,25,5,3,4,-2,-1
27,26,4,4,4,0,0
27,27,4,7,6,3,2
27,28,2,5,4,3,2
27,29,1,4,2,3,1
27,30,6,8,7,2,1
27,31,6,3,4,-3,-2
27,32,6,2,4,-4,-2
27,33,8,4,6,-4,-2
27,34,8,7,8,-1,0
27,35,8,1,4,-7,-4
27,36,3,4,4,1,1
27,37,6,2,4,-4,-2
27,38,2,7,4,5,2
27,39,4,1,2,-3,-2
27,40,3,6,4,3,1
27,41,5,5,5,0,0
27,42,6,4,5,-2,-1
27,43,5,6,6,1,1
27,44,7,5,6,-2,-1
27,45,2,7,4,5,2
27,46,4,8,6,4,2
27,47,5,4,4,-1,-1
27,48,2,8,5,6,3
27,49,6,7,6,1,0
27,50,6,1,4,-5,-2
27,51,3,8,6,5,3
27,52,3,7,5,4,2
27,53,1,2,2,1,1
27,54,5,6,6,1,1
27,55,6,2,4,-4,-2
27,56,3,4,4,1,1
27,57,7,7,7,0,0
27,58,3,4,4,1,1
27,59,6,7,6,1,0
27,60,6,1,4,-5,-2
27,61,5,1,3,-4,-2
27,62,2,7,4,5,2
27,63,4,8,6,4,2
27,64,6,1,4,-5,-2
27,65,1,5,3,4,2
27,66,1,1,1,0,0
27,67,6,4,5,-2,-1
27,68,7,7,7,0,0
27,69,2,3,2,1,0
27,70,1,8,4,7,3
27,71,2,5,4,3,2
27,72,5,2,4,-3,-1
27,73,2,5,4,3,2
27,74,1,7,4,6,3
27,75,8,6,7,-2,-1
27,76,8,4,6,-4,-2
27,77,5,2,4,-3,-1
27,78,5,5,5,0,0
27,79,2,3,2,1,0
27,80,3,6,4,3,1
27,81,8,7,8,-1,0
27,82,1,3,2,2,1
27,83,3,1,2,-2,-1
27,84,4,7,6,3,2
27,85,8,4,6,-4,-2
27,86,8,2,5,-6,-3
27,87,2,1,2,-1,0
27,88,4,7,6,3,2
27,89,3,4,4,1,1
27,90,7,2,4,-5,-3
27,91,8,2,5,-6,-3
27,92,3,2,2,-1,-1
27,93,8,1,4,-7,-4
27,94,5,3,4,-2,-1
27,95,7,7,7,0,0
27,96,2,6,4,4,2
27,97,2,6,4,4,2
27,98,3,7,5,4,2
27,99,2,4,3,2,1
27,100,1,4,2,3,1
27,101,1,8,4,7,3
27,102,2,6,4,4,2
27,103,3,1,2,-2,-1
27,104,8,4,6,-4,-2
27,105,8,2,5,-6,-3
27,106,4,4,4,0,0
27,107,5,6,6,1,1
27,108,7,8,8,1,1
27,109,2,6,4,4,2
27,110,7,6,6,-1,-1
27,111,1,7,4,6,3
27,112,2,1,2,-1,0
27,113,2,8,5,6,3
27,114,6,8,7,2,1
27,115,3,7,5,4,2
27,116,6,8,7,2,1
27,117,5,3,4,-2,-1
27,118,8,5,6,-3,-2
27,119,8,6,7,-2,-1
27,120,2,3,2,1,0
27,121,1,8,4,7,3
27,122,5,5,5,0,0
27,123,6,4,5,-2,-1
27,124,7,5,6,-2,-1
27,125,5,8,6,3,1
27,126,3,1,2,-2,-1
27,127,1,3,2,2,1
27,128,5,4,4,-1,-1
27,129,8,7,8,-1,0
27,130,7,4,6,-3,-1
27,131,2,7,4,5,2
27,132,5,1,3,-4,-2
27,133,2,5,4,3,2
27,134,5,2,4,-3,-1
27,135,5,5,5,0,0
27,136,6,7,6,1,0
27,137,3,7,5,4,2
27,138,8,4,6,-4,-2
27,139,4,7,6,3,2
27,140,3,5,4,2,1
27,141,6,3,4,-3,-2
27,142,2,2,2,0,0
27,143,4,7,6,3,2
27,144,5,1,3,-4,-2
27,145,7,1,4,-6,-3
27,146,2,8,5,6,3
27,147,3,1,2,-2,-1
27,148,6,2,4,-4,-2
27,149,2,4,3,2,1
27,150,4,6,5,2,1
27,151,3,5,4,2,1
27,152,7,2,4,-5,-3
27,153,7,3,5,-4,-2
28,1,1,2,2,1,1
28,2,3,4,4,1,1
28,3,3,2,2,-1,-1
28,4,3,3,3,0,0
28,5,8,5,6,-3,-2
28,6,2,3,2,1,0
28,7,6,4,5,-2,-1
28,8,5,2,4,-3,-1
28,9,5,5,5,0,0
28,10,3,2,2,-1,-1
28,11,2,7,4,5,2
28,12,3,4,4,1,1
28,13,1,4,2,3,1
28,14,3,1,2,-2,-1
28,15,4,5,4,1,0
28,16,5,8,6,3,1
28,17,4,8,6,4,2
28,18,4,8,6,4,2
28,19,7,6,6,-1,-1
28,20,2,8,5,6,3
28,21,8,1,4,-7,-4
28,22,6,5,6,-1,0
28,23,3,6,4,3,1
28,24,8,2,5,-6,-3
28,25,4,4,4,0,0
28,26,7,6,6,-1,-1
28,27,1,2,2,1,1
28,28,7,8,8,1,1
28,29,4,8,6,4,2
28,30,6,3,4,-3,-2
28,31,8,4,6,-4,-2
28,32,3,4,4,1,1
28,33,4,2,3,-2,-1
28,34,6,7,6,1,0
28,35,5,1,3,-4,-2
28,36,5,5,5,0,0
28,37,7,5,6,-2,-1
28,38,8,8,8,0,0
28,39,7,2,4,-5,-3
28,40,7,2,4,-5,-3
28,41,1,7,4,6,3
28,42,5,4,4,-1,-1
28,43,5,7,6,2,1
28,44,5,1,3,-4,-2
28,45,8,2,5,-6,-3
28,46,6,7,6,1,0
28,47,2,7,4,5,2
28,48,4,6,5,2,1
28,49,6,2,4,-4,-2
28,50,5,2,4,-3,-1
28,51,4,6,5,2,1
28,52,1,6,4,5,3
28,53,5,4,4,-1,-1
28,54,6,6,6,0,0
28,55,8,4,6,-4,-2
28,56,6,1,4,-5,-2
28,57,8,3,6,-5,-2
28,58,7,6,6,-1,-1
28,59,5,3,4,-2,-1
28,60,8,8,8,0,0
28,61,4,2,3,-2,-1
28,62,2,6,4,4,2
28,63,4,7,6,3,2
28,64,1,8,4,7,3
28,65,4,3,4,-1,0
28,66,2,3,2,1,0
28,67,8,6,7,-2,-1
28,68,3,3,3,0,0
28,69,1,5,3,4,2
28,70,7,2,4,-5,-3
28,71,2,8,5,6,3
28,72,3,7,5,4,2
28,73,1,4,2,3,1
28,74,2,4,3,2,1
28,75,7,8,8,1,1
28,76,4,3,4,-1,0
28,77,2,4,3,2,1
28,78,2,2,2,0,0
28,79,8,1,4,-7,-4
28,80,3,5,4,2,1
28,81,4,8,6,4,2
28,82,3,6,4,3,1
28,83,2,6,4,4,2
28,84,1,7,4,6,3
28,85,4,8,6,4,2
28,86,1,5,3,4,2
28,87,3,5,4,2,1
28,88,7,7,7,0,0
28,89,4,6,5,2,1
28,90,8,4,6,-4,-2
28,91,7,7,7,0,0
28,92,7,2,4,-5,-3
28,93,6,8,7,2,1
28,94,1,2,2,1,1
28,95,7,6,6,-1,-1
28,96,7,2,4,-5,-3
28,97,1,5,3,4,2
28,98,1,7,4,6,3
28,99,4,7,6,3,2
28,100,8,6,7,-2,-1
28,101,3,1,2,-2,-1
28,102,1,8,4,7,3
28,103,4,5,4,1,0
28,104,8,8,8,0,0
28,105,3,3,3,0,0
28,106,2,8,5,6,3
28,107,4,8,6,4,2
28,108,1,7,4,6,3
28,109,8,8,8,0,0
28,110,2,5,4,3,2
28,111,5,2,4,-3,-1
28,112,5,3,4,-2,-1
28,113,5,8,6,3,1
28,114,2,8,5,6,3
28,115,8,1,4,-7,-4
28,116,5,3,4,-2,-1
28,117,7,6,6,-1,-1
28,118,5,5,5,0,0
28,119,5,5,5,0,0
28,120,6,5,6,-1,0
28,121,7,7,7,0,0
28,122,7,1,4,-6,-3
28,123,2,2,2,0,0
28,124,5,8,6,3,1
28,125,8,5,6,-3,-2
28,126,6,4,5,-2,-1
28,127,3,4,4,1,1
28,128,1,1,1,0,0
28,129,6,3,4,-3,-2
28,130,7,7,7,0,0
28,131,2,6,4,4,2
28,132,4,3,4,-1,0
28,133,6,8,7,2,1
28,134,1,6,4,5,3
28,135,5,7,6,2,1
28,136,7,4,6,-3,-1
28,137,7,8,8,1,1
28,138,3,5,4,2,1
28,139,3,2,2,-1,-1
28,140,4,5,4,1,0
28,141,5,5,5,0,0
28,142,1,7,4,6,3
28,143,7,5,6,-2,-1
28,144,7,8,8,1,1
28,145,3,4,4,1,1
28,146,7,8,8,1,1
28,147,4,4,4,0,0
28,148,8,8,8,0,0
28,149,7,7,7,0,0
28,150,5,4,4,-1,-1
28,151,4,1,2,-3,-2
28,152,6,2,4,-4,-2
28,153,3,8,6,5,3
29,1,7,5,6,-2,-1
29,2,5,7,6,2,1
29,3,1,2,2,1,1
29,4,3,3,3,0,0
29,5,4,6,5,2,1
29,6,3,4,4,1,1
29,7,5,4,4,-1,-1
29,8,3,4,4,1,1
29,9,7,6,6,-1,-1
29,10,4,1,2,-3,-2
29,11,4,8,6,4,2
29,12,8,1,4,-7,-4
29,13,6,8,7,2,1
29,14,4,5,4,1,0
29,15,7,1,4,-6,-3
29,16,5,2,4,-3,-1
29,17,8,5,6,-3,-2
29,18,2,1,2,-1,0
29,19,2,4,3,2,1
29,20,7,6,6,-1,-1
29,21,5,5,5,0,0
29,22,7,2,4,-5,-3
29,23,7,1,4,-6,-3
29,24,2,3,2,1,0
29,25,6,8,7,2,1
29,26,5,5,5,0,0
29,27,3,5,4,2,1
29,28,3,8,6,5,3
29,29,1,8,4,7,3
29,30,4,1,2,-3,-2
29,31,1,5,3,4,2
29,32,5,3,4,-2,-1
29,33,5,8,6,3,1
29,34,3,4,4,1,1
29,35,6,8,7,2,1
29,36,3,5,4,2,1
29,37,4,7,6,3,2
29,38,4,1,2,-3,-2
29,39,2,3,2,1,0
29,40,8,7,8,-1,0
29,41,1,5,3,4,2
29,42,2,2,2,0,0
29,43,2,1,2,-1,0
29,44,4,7,6,3,2
29,45,1,2,2,1,1
29,46,1,5,3,4,2
29,47,5,8,6,3,1
29,48,4,8,6,4,2
29,49,7,6,6,-1,-1
29,50,8,7,8,-1,0
29,51,6,2,4,-4,-2
29,52,8,5,6,-3,-2
29,53,7,7,7,0,0
29,54,5,2,4,-3,-1
29,55,5,3,4,-2,-1
29,56,2,4,3,2,1
29,57,2,7,4,5,2
29,58,7,2,4,-5,-3
29,59,5,7,6,2,1
29,60,1,7,4,6,3
29,61,2,2,2,0,0
29,62,5,8,6,3,1
29,63,8,2,5,-6,-3
29,64,2,8,5,6,3
29,65,1,8,4,7,3
29,66,8,2,5,-6,-3
29,67,5,6,6,1,1
29,68,7,2,4,-5,-3
29,69,3,5,4,2,1
29,70,6,5,6,-1,0
29,71,5,2,4,-3,-1
29,72,1,3,2,2,1
29,73,3,7,5,4,2
29,74,4,7,6,3,2
29,75,6,1,4,-5,-2
29,76,4,6,5,2,1
29,77,3,7,5,4,2
29,78,8,3,6,-5,-2
29,79,5,4,4,-1,-1
29,80,6,3,4,-3,-2
29,81,4,7,6,3,2
29,82,4,7,6,3,2
29,83,1,7,4,6,3
29,84,3,2,2,-1,-1
29,85,6,7,6,1,0
29,86,7,7,7,0,0
29,87,7,4,6,-3,-1
29,88,5,6,6,1,1
29,89,8,3,6,-5,-2
29,90,1,3,2,2,1
29,91,7,3,5,-4,-2
29,92,2,3,2,1,0
29,93,3,5,4,2,1
29,94,7,4,6,-3,-1
29,95,6,4,5,-2,-1
29,96,1,2,2,1,1
29,97,4,8,6,4,2
29,98,2,2,2,0,0
29,99,6,6,6,0,0
29,100,7,6,6,-1,-1
29,101,3,4,4,1,1
29,102,2,7,4,5,2
29,103,3,1,2,-2,-1
29,104,1,4,2,3,1
29,105,8,2,5,-6,-3
29,106,5,8,6,3,1
29,107,7,6,6,-1,-1
29,108,5,5,5,0,0
29,109,6,8,7,2,1
29,110,7,8,8,1,1
29,111,4,8,6,4,2
29,112,1,2,2,1,1
29,113,2,7,4,5,2
29,114,8,3,6,-5,-2
29,115,4,5,4,1,0
29,116,4,8,6,4,2
29,117,1,1,1,0,0
29,118,5,1,3,-4,-2
29,119,8,7,8,-1,0
29,120,5,8,6,3,1
29,121,3,3,3,0,0
29,122,1,3,2,2,1
29,123,6,7,6,1,0
29,124,7,5,6,-2,-1
29,125,4,8,6,4,2
29,126,1,3,2,2,1
29,127,7,2,4,-5,-3
29,128,6,2,4,-4,-2
29,129,8,3,6,-5,-2
29,130,5,1,3,-4,-2
29,131,4,2,3,-2,-1
29,132,6,6,6,0,0
29,133,7,8,8,1,1
29,134,8,1,4,-7,-4
29,135,2,2,2,0,0
29,136,4,1,2,-3,-2
29,137,4,4,4,0,0
29,138,5,7,6,2,1
29,139,1,7,4,6,3
29,140,3,4,4,1,1
29,141,8,5,6,-3,-2
29,142,4,4,4,0,0
29,143,8,8,8,0,0
29,144,6,2,4,-4,-2
29,145,2,8,5,6,3
29,146,2,7,4,5,2
29,147,7,6,6,-1,-1
29,148,1,8,4,7,3
29,149,8,8,8,0,0
29,150,1,8,4,7,3
29,151,7,6,6,-1,-1
29,152,3,5,4,2,1
29,153,1,2,2,1,1
30,1,6,2,4,-4,-2
30,2,3,2,2,-1,-1
30,3,2,8,5,6,3
30,4,2,1,2,-1,0
30,5,5,2,4,-3,-1
30,6,1,5,3,4,2
30,7,1,3,2,2,1
30,8,3,5,4,2,1
30,9,3,2,2,-1,-1
30,10,6,4,5,-2,-1
30,11,6,5,6,-1,0
30,12,1,4,2,3,1
30,13,2,7,4,5,2
30,14,4,2,3,-2,-1
30,15,3,4,4,1,1
30,16,6,2,4,-4,-2
30,17,4,3,4,-1,0
30,18,6,1,4,-5,-2
30,19,2,3,2,1,0
30,20,6,7,6,1,0
30,21,4,1,2,-3,-2
30,22,4,3,4,-1,0
30,23,5,8,6,3,1
30,24,1,4,2,3,1
30,25,3,1,2,-2,-1
30,26,6,5,6,-1,0
30,27,7,3,5,-4,-2
30,28,7,4,6,-3,-1
30,29,7,7,7,0,0
30,30,4,6,5,2,1
30,31,5,6,6,1,1
30,32,5,5,5,0,0
30,33,1,7,4,6,3
30,34,8,2,5,-6,-3
30,35,5,5,5,0,0
30,36,5,8,6,3,1
30,37,2,5,4,3,2
30,38,4,8,6,4,2
30,39,4,8,6,4,2
30,40,3,6,4,3,1
30,41,2,5,4,3,2
30,42,3,4,4,1,1
30,43,3,3,3,0,0
30,44,3,2,2,-1,-1
30,45,8,8,8,0,0
30,46,4,1,2,-3,-2
30,47,8,1,4,-7,-4
30,48,7,1,4,-6,-3
30,49,6,4,5,-2,-1
30,50,5,7,6,2,1
30,51,1,6,4,5,3
30,52,6,7,6,1,0
30,53,7,5,6,-2,-1
30,54,2,8,5,6,3
30,55,3,2,2,-1,-1
30,56,2,7,4,5,2
30,57,3,2,2,-1,-1
30,58,7,6,6,-1,-1
30,59,6,3,4,-3,-2
30,60,5,3,4,-2,-1
30,61,4,1,2,-3,-2
30,62,3,7,5,4,2
30,63,4,8,6,4,2
30,64,5,5,5,0,0
30,65,2,5,4,3,2
30,66,1,7,4,6,3
30,67,7,5,6,-2,-1
30,68,1,4,2,3,1
30,69,6,3,4,-3,-2
30,70,6,5,6,-1,0
30,71,3,6,4,3,1
30,72,8,7,8,-1,0
30,73,2,1,2,-1,0
30,74,1,8,4,7,3
30,75,8,6,7,-2,-1
30,76,6,8,7,2,1
30,77,6,2,4,-4,-2
30,78,3,8,6,5,3
30,79,6,8,7,2,1
30,80,1,2,2,1,1
30,81,5,3,4,-2,-1
30,82,2,1,2,-1,0
30,83,2,5,4,3,2
30,84,1,5,3,4,2
30,85,4,8,6,4,2
30,86,5,3,4,-2,-1
30,87,1,7,4,6,3
30,88,5,8,6,3,1
30,89,7,1,4,-6,-3
30,90,4,3,4,-1,0
30,91,3,8,6,5,3
30,92,2,4,3,2,1
30,93,3,1,2,-2,-1
30,94,6,6,6,0,0
30,95,6,4,5,-2,-1
30,96,8,8,8,0,0
30,97,8,3,6,-5,-2
30,98,4,4,4,0,0
30,99,7,5,6,-2,-1
30,100,4,4,4,0,0
30,101,6,3,4,-3,-2
30,102,2,2,2,0,0
30,103,8,4,6,-4,-2
30,104,5,1,3,-4,-2
30,105,4,6,5,2,1
30,106,2,2,2,0,0
30,107,2,1,2,-1,0
30,108,1,5,3,4,2
30,109,5,7,6,2,1
30,110,3,3,3,0,0
30,111,5,1,3,-4,-2
30,112,5,8,6,3,1
30,113,2,6,4,4,2
30,114,6,5,6,-1,0
30,115,1,5,3,4,2
30,116,3,5,4,2,1
30,117,5,6,6,1,1
30,118,2,8,5,6,3
30,119,3,4,4,1,1
30,120,4,4,4,0,0
30,121,7,1,4,-6,-3
30,122,8,2,5,-6,-3
30,123,6,3,4,-3,-2
30,124,7,7,7,0,0
30,125,4,5,4,1,0
30,126,6,4,5,-2,-1
30,127,7,8,8,1,1
30,128,4,3,4,-1,0
30,129,6,8,7,2,1
30,130,1,3,2,2,1
30,131,2,6,4,4,2
30,132,6,7,6,1,0
30,133,1,3,2,2,1
30,134,4,2,3,-2,-1
30,135,3,7,5,4,2
30,136,6,8,7,2,1
30,137,4,4,4,0,0
30,138,6,4,5,-2,-1
30,139,7,7,7,0,0
30,140,5,5,5,0,0
30,141,7,2,4,-5,-3
30,142,7,5,6,-2,-1
30,143,6,8,7,2,1
30,144,7,8,8,1,1
30,145,7,6,6,-1,-1
30,146,2,6,4,4,2
30,147,8,5,6,-3,-2
30,148,2,1,2,-1,0
30,149,5,3,4,-2,-1
30,150,4,1,2,-3,-2
30,151,6,3,4,-3,-2
30,152,6,2,4,-4,-2
30,153,6,3,4,-3,-2
31,1,6,2,4,-4,-2
31,2,1,1,1,0,0
31,3,4,7,6,3,2
31,4,6,3,4,-3,-2
31,5,3,5,4,2,1
31,6,3,6,4,3,1
31,7,5,2,4,-3,-1
31,8,7,8,8,1,1
31,9,2,8,5,6,3
31,10,3,1,2,-2,-1
31,11,5,6,6,1,1
31,12,1,8,4,7,3
31,13,2,2,2,0,0
31,14,7,6,6,-1,-1
31,15,5,1,3,-4,-2
31,16,1,7,4,6,3
31,17,5,2,4,-3,-1
31,18,7,1,4,-6,-3
31,19,2,5,4,3,2
31,20,5,4,4,-1,-1
31,21,4,4,4,0,0
31,22,8,7,8,-1,0
31,23,1,2,2,1,1
31,24,7,8,8,1,1
31,25,2,4,3,2,1
31,26,2,6,4,4,2
31,27,1,4,2,3,1
31,28,5,6,6,1,1
31,29,7,6,6,-1,-1
31,30,1,3,2,2,1
31,31,5,6,6,1,1
31,32,2,8,5,6,3
31,33,6,8,7,2,1
31,34,8,8,8,0,0
31,35,7,2,4,-5,-3
31,36,7,4,6,-3,-1
31,37,5,8,6,3,1
31,38,8,5,6,-3,-2
31,39,8,8,8,0,0
31,40,6,2,4,-4,-2
31,41,6,3,4,-3,-2
31,42,2,1,2,-1,0
31,43,5,5,5,0,0
31,44,1,8,4,7,3
31,45,7,8,8,1,1
31,46,5,4,4,-1,-1
31,47,8,7,8,-1,0
31,48,8,5,6,-3,-2
31,49,1,4,2,3,1
31,50,5,5,5,0,0
31,51,4,8,6,4,2
31,52,5,3,4,-2,-1
31,53,3,1,2,-2,-1
31,54,8,4,6,-4,-2
31,55,8,1,4,-7,-4
31,56,1,7,4,6,3
31,57,8,8,8,0,0
31,58,3,4,4,1,1
31,59,7,4,6,-3,-1
31,60,3,7,5,4,2
31,61,5,7,6,2,1
31,62,6,4,5,-2,-1
31,63,2,4,3,2,1
31,64,4,3,4,-1,0
31,65,3,1,2,-2,-1
31,66,7,8,8,1,1
31,67,2,6,4,4,2
31,68,2,1,2,-1,0
31,69,2,4,3,2,1
31,70,8,6,7,-2,-1
31,71,3,3,3,0,0
31,72,1,3,2,2,1
31,73,2,1,2,-1,0
31,74,6,3,4,-3,-2
31,75,4,3,4,-1,0
31,76,6,4,5,-2,-1
31,77,3,5,4,2,1
31,78,7,6,6,-1,-1
31,79,6,3,4,-3,-2
31,80,1,1,1,0,0
31,81,4,3,4,-1,0
31,82,5,5,5,0,0
31,83,4,6,5,2,1
31,84,1,2,2,1,1
31,85,4,4,4,0,0
31,86,8,1,4,-7,-4
31,87,6,7,6,1,0
31,88,3,1,2,-2,-1
31,89,8,8,8,0,0
31,90,6,6,6,0,0
31,91,8,7,8,-1,0
31,92,7,1,4,-6,-3
31,93,8,5,6,-3,-2
31,94,3,6,4,3,1
31,95,8,4,6,-4,-2
31,96,6,8,7,2,1
31,97,8,3,6,-5,-2
31,98,2,4,3,2,1
31,99,4,7,6,3,2
31,100,6,5,6,-1,0
31,101,7,7,7,0,0
31,102,8,5,6,-3,-2
31,103,5,6,6,1,1
31,104,2,6,4,4,2
31,105,4,5,4,1,0
31,106,5,4,4,-1,-1
31,107,1,5,3,4,2
31,108,3,5,4,2,1
31,109,4,2,3,-2,-1
31,110,6,2,4,-4,-2
31,111,7,1,4,-6,-3
31,112,6,3,4,-3,-2
31,113,5,1,3,-4,-2
31,114,1,5,3,4,2
31,115,7,5,6,-2,-1
31,116,7,6,6,-1,-1
31,117,5,5,5,0,0
31,118,8,4,6,-4,-2
31,119,5,1,3,-4,-2
31,120,7,2,4,-5,-3
31,121,3,6,4,3,1
31,122,2,2,2,0,0
31,123,6,5,6,-1,0
31,124,8,6,7,-2,-1
31,125,4,8,6,4,2
31,126,4,4,4,0,0
31,127,5,5,5,0,0
31,128,6,1,4,-5,-2
31,129,3,8,6,5,3
31,130,3,3,3,0,0
31,131,6,2,4,-4,-2
31,132,7,5,6,-2,-1
31,133,7,2,4,-5,-3
31,134,7,8,8,1,1
31,135,5,3,4,-2,-1
31,136,4,8,6,4,2
31,137,3,6,4,3,1
31,138,2,4,3,2,1
31,139,2,5,4,3,2
31,140,7,6,6,-1,-1
31,141,4,3,4,-1,0
31,142,1,2,2,1,1
31,143,2,2,2,0,0
31,144,8,4,6,-4,-2
31,145,5,2,4,-3,-1
31,146,8,2,5,-6,-3
31,147,3,2,2,-1,-1
31,148,3,5,4,2,1
31,149,1,2,2,1,1
31,150,3,8,6,5,3
31,151,6,8,7,2,1
31,152,7,4,6,-3,-1
31,153,4,4,4,0,0
32,1,1,8,4,7,3
32,2,7,5,6,-2,-1
32,3,6,4,5,-2,-1
32,4,8,1,4,-7,-4
32,5,4,8,6,4,2
32,6,8,8,8,0,0
32,7,4,6,5,2,1
32,8,1,7,4,6,3
32,9,4,8,6,4,2
32,10,8,7,8,-1,0
32,11,3,5,4,2,1
32,12,6,6,6,0,0
32,13,1,5,3,4,2
32,14,6,1,4,-5,-2
32,15,2,1,2,-1,0
32,16,3,1,2,-2,-1
32,17,3,3,3,0,0
32,18,4,3,4,-1,0
32,19,6,3,4,-3,-2
32,20,1,4,2,3,1
32,21,5,2,4,-3,-1
32,22,7,2,4,-5,-3
32,23,3,8,6,5,3
32,24,4,3,4,-1,0
32,25,3,1,2,-2,-1
32,26,4,2,3,-2,-1
32,27,4,8,6,4,2
32,28,5,8,6,3,1
32,29,1,2,2,1,1
32,30,4,7,6,3,2
32,31,2,3,2,1,0
32,32,4,7,6,3,2
32,33,8,6,7,-2,-1
32,34,7,6,6,-1,-1
32,35,7,5,6,-2,-1
32,36,7,6,6,-1,-1
32,37,7,2,4,-5,-3
32,38,2,7,4,5,2
32,39,6,4,5,-2,-1
32,40,4,7,6,3,2
32,41,6,3,4,-3,-2
32,42,5,5,5,0,0
32,43,1,2,2,1,1
32,44,8,1,4,-7,-4
32,45,7,6,6,-1,-1
32,46,6,1,4,-5,-2
32,47,8,8,8,0,0
32,48,1,2,2,1,1
32,49,5,6,6,1,1
32,50,3,2,2,-1,-1
32,51,2,7,4,5,2
32,52,4,7,6,3,2
32,53,8,2,5,-6,-3
32,54,7,2,4,-5,-3
32,55,5,5,5,0,0
32,56,8,7,8,-1,0
32,57,3,2,2,-1,-1
32,58,1,6,4,5,3
32,59,6,5,6,-1,0
32,60,8,2,5,-6,-3
32,61,4,6,5,2,1
32,62,1,5,3,4,2
32,63,2,7,4,5,2
32,64,8,5,6,-3,-2
32,65,7,2,4,-5,-3
32,66,6,8,7,2,1
32,67,6,8,7,2,1
32,68,4,4,4,0,0
32,69,6,8,7,2,1
32,70,8,7,8,-1,0
32,71,4,1,2,-3,-2
32,72,4,6,5,2,1
32,73,6,3,4,-3,-2
32,74,8,4,6,-4,-2
32,75,1,5,3,4,2
32,76,7,2,4,-5,-3
32,77,3,3,3,0,0
32,78,5,8,6,3,1
32,79,4,1,2,-3,-2
32,80,6,8,7,2,1
32,81,5,3,4,-2,-1
32,82,6,3,4,-3,-2
32,83,4,4,4,0,0
32,84,2,4,3,2,1
32,85,5,1,3,-4,-2
32,86,8,2,5,-6,-3
32,87,4,1,2,-3,-2
32,88,5,6,6,1,1
32,89,5,4,4,-1,-1
32,90,4,7,6,3,2
32,91,7,1,4,-6,-3
32,92,2,1,2,-1,0
32,93,3,2,2,-1,-1
32,94,3,1,2,-2,-1
32,95,5,4,4,-1,-1
32,96,7,8,8,1,1
32,97,8,8,8,0,0
32,98,5,4,4,-1,-1
32,99,8,3,6,-5,-2
32,100,8,2,5,-6,-3
32,101,3,1,2,-2,-1
32,102,5,4,4,-1,-1
32,103,2,7,4,5,2
32,104,1,7,4,6,3
32,105,2,7,4,5,2
32,106,1,7,4,6,3
32,107,5,2,4,-3,-1
32,108,1,8,4,7,3
32,109,7,6,6,-1,-1
32,110,7,4,6,-3,-1
32,111,1,4,2,3,1
32,112,6,4,5,-2,-1
32,113,7,4,6,-3,-1
32,114,6,5,6,-1,0
32,115,3,3,3,0,0
32,116,2,4,3,2,1
32,117,5,7,6,2,1
32,118,7,7,7,0,0
32,119,1,6,4,5,3
32,120,4,1,2,-3,-2
32,121,1,5,3,4,2
32,122,6,3,4,-3,-2
32,123,4,6,5,2,1
32,124,7,7,7,0,0
32,125,7,5,6,-2,-1
32,126,8,2,5,-6,-3
32,127,7,4,6,-3,-1
32,128,1,1,1,0,0
32,129,7,8,8,1,1
32,130,6,6,6,0,0
32,131,6,2,4,-4,-2
32,132,3,4,4,1,1
32,133,7,2,4,-5,-3
32,134,8,4,6,-4,-2
32,135,4,8,6,4,2
32,136,8,8,8,0,0
32,137,4,4,4,0,0
32,138,5,4,4,-1,-1
32,139,1,1,1,0,0
32,140,3,7,5,4,2
32,141,4,4,4,0,0
32,142,2,5,4,3,2
32,143,1,5,3,4,2
32,144,7,5,6,-2,-1
32,145,8,4,6,-4,-2
32,146,4,1,2,-3,-2
32,147,3,4,4,1,1
32,148,5,7,6,2,1
32,149,5,4,4,-1,-1
32,150,2,8,5,6,3
32,151,2,2,2,0,0
32,152,5,1,3,-4,-2
32,153,3,4,4,1,1
33,1,8,6,7,-2,-1
33,2,7,1,4,-6,-3
33,3,6,5,6,-1,0
33,4,5,3,4,-2,-1
33,5,8,1,4,-7,-4
33,6,5,2,4,-3,-1
33,7,4,5,4,1,0
33,8,6,4,5,-2,-1
33,9,6,8,7,2,1
33,10,7,7,7,0,0
33,11,6,4,5,-2,-1
33,12,4,8,6,4,2
33,13,4,1,2,-3,-2
33,14,1,6,4,5,3
33,15,1,8,4,7,3
33,16,8,5,6,-3,-2
33,17,8,3,6,-5,-2
33,18,5,5,5,0,0
33,19,4,5,4,1,0
33,20,5,8,6,3,1
33,21,6,7,6,1,0
33,22,5,6,6,1,1
33,23,2,2,2,0,0
33,24,2,5,4,3,2
33,25,6,6,6,0,0
33,26,2,4,3,2,1
33,27,6,3,4,-3,-2
33,28,1,1,1,0,0
33,29,2,3,2,1,0
33,30,4,7,6,3,2
33,31,8,5,6,-3,-2
33,32,8,8,8,0,0
33,33,7,7,7,0,0
33,34,2,5,4,3,2
33,35,7,6,6,-1,-1
33,36,8,1,4,-7,-4
33,37,8,7,8,-1,0
33,38,1,1,1,0,0
33,39,2,3,2,1,0
33,40,2,7,4,5,2
33,41,5,4,4,-1,-1
33,42,7,1,4,-6,-3
33,43,1,6,4,5,3
33,44,5,2,4,-3,-1
33,45,5,5,5,0,0
33,46,2,3,2,1,0
33,47,6,3,4,-3,-2
33,48,7,5,6,-2,-1
33,49,3,4,4,1,1
33,50,1,1,1,0,0
33,51,2,8,5,6,3
33,52,8,8,8,0,0
33,53,4,3,4,-1,0
33,54,3,4,4,1,1
33,55,5,7,6,2,1
33,56,2,3,2,1,0
33,57,6,6,6,0,0
33,58,6,3,4,-3,-2
33,59,5,1,3,-4,-2
33,60,3,7,5,4,2
33,61,2,1,2,-1,0
33,62,5,2,4,-3,-1
33,63,4,6,5,2,1
33,64,7,3,5,-4,-2
33,65,6,2,4,-4,-2
33,66,3,6,4,3,1
33,67,4,5,4,1,0
33,68,1,2,2,1,1
33,69,8,8,8,0,0
33,70,3,4,4,1,1
33,71,3,7,5,4,2
33,72,8,7,8,-1,0
33,73,8,8,8,0,0
33,74,1,6,4,5,3
33,75,3,8,6,5,3
33,76,5,8,6,3,1
33,77,4,4,4,0,0
33,78,7,5,6,-2,-1
33,79,5,1,3,-4,-2
33,80,8,2,5,-6,-3
33,81,6,1,4,-5,-2
33,82,2,6,4,4,2
33,83,6,1,4,-5,-2
33,84,6,7,6,1,0
33,85,7,4,6,-3,-1
33,86,8,4,6,-4,-2
33,87,6,2,4,-4,-2
33,88,7,1,4,-6,-3
33,89,3,1,2,-2,-1
33,90,8,1,4,-7,-4
33,91,4,4,4,0,0
33,92,1,7,4,6,3
33,93,6,1,4,-5,-2
33,94,2,8,5,6,3
33,95,5,7,6,2,1
33,96,1,5,3,4,2
33,97,7,7,7,0,0
33,98,5,5,5,0,0
33,99,5,6,6,1,1
33,100,5,4,4,-1,-1
33,101,8,4,6,-4,-2
33,102,3,2,2,-1,-1
33,103,7,1,4,-6,-3
33,104,4,7,6,3,2
33,105,5,2,4,-3,-1
33,106,8,1,4,-7,-4
33,107,8,6,7,-2,-1
33,108,7,6,6,-1,-1
33,109,1,4,2,3,1
33,110,1,5,3,4,2
33,111,6,1,4,-5,-2
33,112,7,7,7,0,0
33,113,8,8,8,0,0
33,114,4,2,3,-2,-1
33,115,2,4,3,2,1
33,116,2,7,4,5,2
33,117,1,2,2,1,1
33,118,3,2,2,-1,-1
33,119,4,2,3,-2,-1
33,120,5,8,6,3,1
33,121,2,3,2,1,0
33,122,8,3,6,-5,-2
33,123,1,8,4,7,3
33,124,2,5,4,3,2
33,125,2,5,4,3,2
33,126,5,3,4,-2,-1
33,127,2,2,2,0,0
33,128,2,4,3,2,1
33,129,6,8,7,2,1
33,130,1,2,2,1,1
33,131,5,1,3,-4,-2
33,132,8,7,8,-1,0
33,133,3,3,3,0,0
33,134,7,7,7,0,0
33,135,7,6,6,-1,-1
33,136,3,3,3,0,0
33,137,2,3,2,1,0
33,138,3,8,6,5,3
33,139,7,8,8,1,1
33,140,8,5,6,-3,-2
33,141,4,5,4,1,0
33,142,4,1,2,-3,-2
33,143,1,6,4,5,3
33,144,6,2,4,-4,-2
33,145,6,5,6,-1,0
33,146,5,7,6,2,1
33,147,5,8,6,3,1
33,148,3,4,4,1,1
33,149,4,3,4,-1,0
33,150,3,5,4,2,1
33,151,7,3,5,-4,-2
33,152,2,6,4,4,2
33,153,2,7,4,5,2
34,1,5,7,6,2,1
34,2,4,4,4,0,0
34,3,5,8,6,3,1
34,4,2,5,4,3,2
34,5,8,1,4,-7,-4
34,6,7,6,6,-1,-1
34,7,4,6,5,2,1
34,8,3,3,3,0,0
34,9,1,7,4,6,3
34,10,2,6,4,4,2
34,11,1,7,4,6,3
34,12,2,7,4,5,2
34,13,1,7,4,6,3
34,14,8,6,7,-2,-1
34,15,5,1,3,-4,-2
34,16,3,4,4,1,1
34,17,4,6,5,2,1
34,18,4,3,4,-1,0
34,19,8,8,8,0,0
34,20,4,3,4,-1,0
34,21,3,5,4,2,1
34,22,4,5,4,1,0
34,23,3,8,6,5,3
34,24,2,3,2,1,0
34,25,7,7,7,0,0
34,26,8,5,6,-3,-2
34,27,6,5,6,-1,0
34,28,7,2,4,-5,-3
34,29,1,8,4,7,3
34,30,1,1,1,0,0
34,31,7,2,4,-5,-3
34,32,6,4,5,-2,-1
34,33,4,8,6,4,2
34,34,2,4,3,2,1
34,35,5,4,4,-1,-1
34,36,3,5,4,2,1
34,37,3,2,2,-1,-1
34,38,2,2,2,0,0
34,39,2,7,4,5,2
34,40,2,3,2,1,0
34,41,2,2,2,0,0
34,42,7,5,6,-2,-1
34,43,5,7,6,2,1
34,44,5,3,4,-2,-1
34,45,8,1,4,-7,-4
34,46,6,8,7,2,1
34,47,8,4,6,-4,-2
34,48,6,4,5,-2,-1
34,49,4,4,4,0,0
34,50,6,7,6,1,0
34,51,3,4,4,1,1
34,52,5,2,4,-3,-1
34,53,8,2,5,-6,-3
34,54,7,8,8,1,1
34,55,2,4,3,2,1
34,56,4,5,4,1,0
34,57,3,6,4,3,1
34,58,7,1,4,-6,-3
34,59,2,2,2,0,0
34,60,5,1,3,-4,-2
34,61,2,8,5,6,3
34,62,1,5,3,4,2
34,63,2,2,2,0,0
34,64,3,6,4,3,1
34,65,8,1,4,-7,-4
34,66,6,4,5,-2,-1
34,67,2,1,2,-1,0
34,68,3,8,6,5,3
34,69,6,1,4,-5,-2
34,70,1,8,4,7,3
34,71,2,5,4,3,2
34,72,5,5,5,0,0
34,73,3,2,2,-1,-1
34,74,8,3,6,-5,-2
34,75,4,4,4,0,0
34,76,6,6,6,0,0
34,77,4,1,2,-3,-2
34,78,2,4,3,2,1
34,79,4,1,2,-3,-2
34,80,6,3,4,-3,-2
34,81,7,4,6,-3,-1
34,82,1,3,2,2,1
34,83,6,4,5,-2,-1
34,84,4,3,4,-1,0
34,85,1,7,4,6,3
34,86,8,2,5,-6,-3
34,87,7,8,8,1,1
34,88,3,2,2,-1,-1
34,89,5,8,6,3,1
34,90,4,6,5,2,1
34,91,4,7,6,3,2
34,92,3,2,2,-1,-1
34,93,8,1,4,-7,-4
34,94,7,8,8,1,1
34,95,4,1,2,-3,-2
34,96,4,5,4,1,0
34,97,5,4,4,-1,-1
34,98,5,8,6,3,1
34,99,8,4,6,-4,-2
34,100,8,4,6,-4,-2
34,101,5,8,6,3,1
34,102,3,2,2,-1,-1
34,103,4,6,5,2,1
34,104,3,2,2,-1,-1
34,105,6,5,6,-1,0
34,106,2,4,3,2,1
34,107,5,7,6,2,1
34,108,2,3,2,1,0
34,109,8,5,6,-3,-2
34,110,7,7,7,0,0
34,111,2,3,2,1,0
34,112,5,3,4,-2,-1
34,113,4,5,4,1,0
34,114,4,3,4,-1,0
34,115,7,5,6,-2,-1
34,116,4,2,3,-2,-1
34,117,2,3,2,1,0
34,118,8,6,7,-2,-1
34,119,5,5,5,0,0
34,120,4,8,6,4,2
34,121,3,4,4,1,1
34,122,4,4,4,0,0
34,123,3,5,4,2,1
34,124,3,6,4,3,1
34,125,1,6,4,5,3
34,126,6,5,6,-1,0
34,127,4,5,4,1,0
34,128,1,7,4,6,3
34,129,5,7,6,2,1
34,130,6,1,4,-5,-2
34,131,7,4,6,-3,-1
34,132,2,5,4,3,2
34,133,4,2,3,-2,-1
34,134,3,8,6,5,3
34,135,1,5,3,4,2
34,136,1,4,2,3,1
34,137,8,3,6,-5,-2
34,138,1,4,2,3,1
34,139,7,3,5,-4,-2
34,140,7,8,8,1,1
34,141,4,2,3,-2,-1
34,142,1,7,4,6,3
34,143,7,7,7,0,0
34,144,6,1,4,-5,-2
34,145,5,2,4,-3,-1
34,146,4,3,4,-1,0
34,147,5,7,6,2,1
34,148,1,4,2,3,1
34,149,5,7,6,2,1
34,150,6,8,7,2,1
34,151,6,4,5,-2,-1
34,152,2,2,2,0,0
34,153,8,1,4,-7,-4
35,1,4,3,4,-1,0
35,2,1,8,4,7,3
35,3,5,7,6,2,1
35,4,8,7,8,-1,0
35,5,8,2,5,-6,-3
35,6,7,7,7,0,0
35,7,6,8,7,2,1
35,8,7,5,6,-2,-1
35,9,1,8,4,7,3
35,10,7,4,6,-3,-1
35,11,5,3,4,-2,-1
35,12,7,3,5,-4,-2
35,13,1,2,2,1,1
35,14,3,8,6,5,3
35,15,6,8,7,2,1
35,16,1,1,1,0,0
35,17,3,6,4,3,1
35,18,5,5,5,0,0
35,19,6,3,4,-3,-2
35,20,7,2,4,-5,-3
35,21,1,4,2,3,1
35,22,6,4,5,-2,-1
35,23,8,8,8,0,0
35,24,7,2,4,-5,-3
35,25,6,1,4,-5,-2
35,26,2,1,2,-1,0
35,27,4,8,6,4,2
35,28,1,4,2,3,1
35,29,2,2,2,0,0
35,30,3,2,2,-1,-1
35,31,7,5,6,-2,-1
35,32,3,7,5,4,2
35,33,8,1,4,-7,-4
35,34,2,1,2,-1,0
35,35,1,8,4,7,3
35,36,6,1,4,-5,-2
35,37,8,4,6,-4,-2
35,38,3,7,5,4,2
35,39,3,1,2,-2,-1
35,40,4,4,4,0,0
35,41,3,8,6,5,3
35,42,7,1,4,-6,-3
35,43,1,5,3,4,2
35,44,2,7,4,5,2
35,45,8,3,6,-5,-2
35,46,3,2,2,-1,-1
35,47,1,4,2,3,1
35,48,8,2,5,-6,-3
35,49,7,8,8,1,1
35,50,8,4,6,-4,-2
35,51,7,5,6,-2,-1
35,52,3,8,6,5,3
35,53,5,8,6,3,1
35,54,5,5,5,0,0
35,55,4,1,2,-3,-2
35,56,6,4,5,-2,-1
35,57,5,5,5,0,0
35,58,8,4,6,-4,-2
35,59,2,4,3,2,1
35,60,1,1,1,0,0
35,61,1,5,3,4,2
35,62,1,3,2,2,1
35,63,6,4,5,-2,-1
35,64,7,6,6,-1,-1
35,65,5,7,6,2,1
35,66,3,7,5,4,2
35,67,7,1,4,-6,-3
35,68,8,3,6,-5,-2
35,69,7,8,8,1,1
35,70,8,7,8,-1,0
35,71,5,8,6,3,1
35,72,7,8,8,1,1
35,73,3,7,5,4,2
35,74,8,2,5,-6,-3
35,75,7,7,7,0,0
35,76,3,6,4,3,1
35,77,3,4,4,1,1
35,78,1,8,4,7,3
35,79,8,2,5,-6,-3
35,80,6,2,4,-4,-2
35,81,6,6,6,0,0
35,82,6,3,4,-3,-2
35,83,4,6,5,2,1
35,84,6,1,4,-5,-2
35,85,4,4,4,0,0
35,86,4,6,5,2,1
35,87,6,2,4,-4,-2
35,88,4,7,6,3,2
35,89,7,3,5,-4,-2
35,90,2,8,5,6,3
35,91,6,8,7,2,1
35,92,2,6,4,4,2
35,93,4,4,4,0,0
35,94,3,5,4,2,1
35,95,5,6,6,1,1
35,96,1,1,1,0,0
35,97,7,6,6,-1,-1
35,98,5,8,6,3,1
35,99,3,8,6,5,3
35,100,5,4,4,-1,-1
35,101,6,7,6,1,0
35,102,8,5,6,-3,-2
35,103,7,5,6,-2,-1
35,104,3,1,2,-2,-1
35,105,7,3,5,-4,-2
35,106,4,5,4,1,0
35,107,7,4,6,-3,-1
35,108,2,6,4,4,2
35,109,5,2,4,-3,-1
35,110,1,4,2,3,1
35,111,1,5,3,4,2
35,112,2,3,2,1,0
35,113,7,5,6,-2,-1
35,114,6,2,4,-4,-2
35,115,5,8,6,3,1
35,116,3,8,6,5,3
35,117,5,7,6,2,1
35,118,3,3,3,0,0
35,119,7,1,4,-6,-3
35,120,8,2,5,-6,-3
35,121,3,6,4,3,1
35,122,2,1,2,-1,0
35,123,1,6,4,5,3
35,124,8,5,6,-3,-2
35,125,7,8,8,1,1
35,126,2,3,2,1,0
35,127,7,3,5,-4,-2
35,128,5,4,4,-1,-1
35,129,4,1,2,-3,-2
35,130,1,6,4,5,3
35,131,7,2,4,-5,-3
35,132,2,2,2,0,0
35,133,7,3,5,-4,-2
35,134,6,6,6,0,0
35,135,7,2,4,-5,-3
35,136,6,4,5,-2,-1
35,137,4,2,3,-2,-1
35,138,7,1,4,-6,-3
35,139,8,3,6,-5,-2
35,140,3,2,2,-1,-1
35,141,3,2,2,-1,-1
35,142,2,7,4,5,2
35,143,5,7,6,2,1
35,144,8,6,7,-2,-1
35,145,3,5,4,2,1
35,146,6,2,4,-4,-2
35,147,2,5,4,3,2
35,148,6,1,4,-5,-2
35,149,8,2,5,-6,-3
35,150,4,7,6,3,2
35,151,1,4,2,3,1
35,152,3,6,4,3,1
35,153,6,6,6,0,0
36,1,8,1,4,-7,-4
36,2,3,4,4,1,1
36,3,4,4,4,0,0
36,4,7,2,4,-5,-3
36,5,1,3,2,2,1
36,6,2,3,2,1,0
36,7,5,3,4,-2,-1
36,8,1,2,2,1,1
36,9,2,6,4,4,2
36,10,5,6,6,1,1
36,11,3,7,5,4,2
36,12,8,5,6,-3,-2
36,13,1,8,4,7,3
36,14,1,6,4,5,3
36,15,6,5,6,-1,0
36,16,6,1,4,-5,-2
36,17,3,4,4,1,1
36,18,5,4,4,-1,-1
36,19,8,6,7,-2,-1
36,20,1,5,3,4,2
36,21,1,6,4,5,3
36,22,7,6,6,-1,-1
36,23,2,4,3,2,1
36,24,5,6,6,1,1
36,25,5,6,6,1,1
36,26,6,5,6,-1,0
36,27,8,5,6,-3,-2
36,28,6,1,4,-5,-2
36,29,6,8,7,2,1
36,30,3,6,4,3,1
36,31,2,3,2,1,0
36,32,8,6,7,-2,-1
36,33,8,6,7,-2,-1
36,34,8,6,7,-2,-1
36,35,5,6,6,1,1
36,36,2,1,2,-1,0
36,37,1,2,2,1,1
36,38,3,6,4,3,1
36,39,7,3,5,-4,-2
36,40,2,8,5,6,3
36,41,8,3,6,-5,-2
36,42,4,5,4,1,0
36,43,8,7,8,-1,0
36,44,1,6,4,5,3
36,45,2,5,4,3,2
36,46,4,1,2,-3,-2
36,47,8,8,8,0,0
36,48,3,4,4,1,1
36,49,6,8,7,2,1
36,50,3,6,4,3,1
36,51,8,3,6,-5,-2
36,52,7,1,4,-6,-3
36,53,7,2,4,-5,-3
36,54,5,6,6,1,1
36,55,2,4,3,2,1
36,56,3,5,4,2,1
36,57,5,1,3,-4,-2
36,58,1,6,4,5,3
36,59,8,3,6,-5,-2
36,60,4,6,5,2,1
36,61,6,5,6,-1,0
36,62,4,5,4,1,0
36,63,1,7,4,6,3
36,64,7,7,7,0,0
36,65,2,1,2,-1,0
36,66,7,5,6,-2,-1
36,67,7,3,5,-4,-2
36,68,3,6,4,3,1
36,69,5,6,6,1,1
36,70,7,2,4,-5,-3
36,71,1,7,4,6,3
36,72,8,8,8,0,0
36,73,4,3,4,-1,0
36,74,7,6,6,-1,-1
36,75,8,7,8,-1,0
36,76,3,1,2,-2,-1
36,77,7,7,7,0,0
36,78,7,6,6,-1,-1
36,79,8,4,6,-4,-2
36,80,5,1,3,-4,-2
36,81,8,4,6,-4,-2
36,82,2,6,4,4,2
36,83,3,3,3,0,0
36,84,6,1,4,-5,-2
36,85,3,5,4,2,1
36,86,7,6,6,-1,-1
36,87,6,7,6,1,0
36,88,5,3,4,-2,-1
36,89,3,6,4,3,1
36,90,7,7,7,0,0
36,91,8,8,8,0,0
36,92,6,5,6,-1,0
36,93,2,8,5,6,3
36,94,4,6,5,2,1
36,95,8,5,6,-3,-2
36,96,2,8,5,6,3
36,97,7,2,4,-5,-3
36,98,1,3,2,2,1
36,99,1,1,1,0,0
36,100,3,3,3,0,0
36,101,4,8,6,4,2
36,102,6,3,4,-3,-2
36,103,8,2,5,-6,-3
36,104,7,5,6,-2,-1
36,105,3,4,4,1,1
36,106,1,4,2,3,1
36,107,6,7,6,1,0
36,108,7,5,6,-2,-1
36,109,2,2,2,0,0
36,110,7,1,4,-6,-3
36,111,1,5,3,4,2
36,112,7,3,5,-4,-2
36,113,5,5,5,0,0
36,114,2,1,2,-1,0
36,115,8,8,8,0,0
36,116,2,5,4,3,2
36,117,5,3,4,-2,-1
36,118,7,8,8,1,1
36,119,6,6,6,0,0
36,120,7,1,4,-6,-3
36,121,3,6,4,3,1
36,122,3,4,4,1,1
36,123,2,6,4,4,2
36,124,8,7,8,-1,0
36,125,4,4,4,0,0
36,126,2,4,3,2,1
36,127,5,5,5,0,0
36,128,5,4,4,-1,-1
36,129,2,2,2,0,0
36,130,4,8,6,4,2
36,131,1,2,2,1,1
36,132,8,4,6,-4,-2
36,133,5,2,4,-3,-1
36,134,8,4,6,-4,-2
36,135,2,5,4,3,2
36,136,8,5,6,-3,-2
36,137,2,3,2,1,0
36,138,5,8,6,3,1
36,139,7,7,7,0,0
36,140,3,2,2,-1,-1
36,141,7,3,5,-4,-2
36,142,6,1,4,-5,-2
36,143,2,7,4,5,2
36,144,8,7,8,-1,0
36,145,4,6,5,2,1
36,146,5,3,4,-2,-1
36,147,3,2,2,-1,-1
36,148,3,6,4,3,1
36,149,5,7,6,2,1
36,150,6,3,4,-3,-2
36,151,4,4,4,0,0
36,152,6,5,6,-1,0
36,153,1,1,1,0,0
37,1,1,4,2,3,1
37,2,8,8,8,0,0
37,3,1,2,2,1,1
37,4,6,5,6,-1,0
37,5,1,4,2,3,1
37,6,1,7,4,6,3
37,7,5,5,5,0,0
37,8,2,3,2,1,0
37,9,5,5,5,0,0
37,10,4,7,6,3,2
37,11,3,8,6,5,3
37,12,5,2,4,-3,-1
37,13,3,5,4,2,1
37,14,8,7,8,-1,0
37,15,1,7,4,6,3
37,16,5,1,3,-4,-2
37,17,1,6,4,5,3
37,18,8,5,6,-3,-2
37,19,7,4,6,-3,-1
37,20,2,4,3,2,1
37,21,1,4,2,3,1
37,22,1,4,2,3,1
37,23,5,7,6,2,1
37,24,1,8,4,7,3
37,25,5,7,6,2,1
37,26,4,8,6,4,2
37,27,6,7,6,1,0
37,28,8,5,6,-3,-2
37,29,5,5,5,0,0
37,30,8,8,8,0,0
37,31,4,3,4,-1,0
37,32,3,7,5,4,2
37,33,3,6,4,3,1
37,34,3,8,6,5,3
37,35,4,7,6,3,2
37,36,8,2,5,-6,-3
37,37,3,8,6,5,3
37,38,5,1,3,-4,-2
37,39,6,4,5,-2,-1
37,40,6,7,6,1,0
37,41,2,6,4,4,2
37,42,8,2,5,-6,-3
37,43,7,5,6,-2,-1
37,44,1,5,3,4,2
37,45,4,4,4,0,0
37,46,8,1,4,-7,-4
37,47,2,8,5,6,3
37,48,1,8,4,7,3
37,49,8,4,6,-4,-2
37,50,6,2,4,-4,-2
37,51,7,2,4,-5,-3
37,52,6,5,6,-1,0
37,53,5,7,6,2,1
37,54,5,2,4,-3,-1
37,55,3,3,3,0,0
37,56,5,2,4,-3,-1
37,57,2,5,4,3,2
37,58,6,2,4,-4,-2
37,59,1,2,2,1,1
37,60,4,6,5,2,1
37,61,8,5,6,-3,-2
37,62,1,7,4,6,3
37,63,7,5,6,-2,-1
37,64,1,4,2,3,1
37,65,5,6,6,1,1
37,66,4,2,3,-2,-1
37,67,2,8,5,6,3
37,68,6,7,6,1,0
37,69,5,4,4,-1,-1
37,70,6,5,6,-1,0
37,71,4,4,4,0,0
37,72,3,6,4,3,1
37,73,2,5,4,3,2
37,74,1,4,2,3,1
37,75,8,1,4,-7,-4
37,76,8,8,8,0,0
37,77,5,7,6,2,1
37,78,4,2,3,-2,-1
37,79,5,1,3,-4,-2
37,80,4,7,6,3,2
37,81,2,8,5,6,3
37,82,6,1,4,-5,-2
37,83,5,2,4,-3,-1
37,84,1,5,3,4,2
37,85,8,3,6,-5,-2
37,86,6,2,4,-4,-2
37,87,3,8,6,5,3
37,88,7,5,6,-2,-1
37,89,6,8,7,2,1
37,90,4,2,3,-2,-1
37,91,6,7,6,1,0
37,92,5,5,5,0,0
37,93,2,6,4,4,2
37,94,6,8,7,2,1
37,95,2,4,3,2,1
37,96,8,3,6,-5,-2
37,97,3,5,4,2,1
37,98,1,1,1,0,0
37,99,6,5,6,-1,0
37,100,8,7,8,-1,0
37,101,7,8,8,1,1
37,102,4,7,6,3,2
37,103,7,1,4,-6,-3
37,104,5,2,4,-3,-1
37,105,8,4,6,-4,-2
37,106,5,1,3,-4,-2
37,107,2,3,2,1,0
37,108,2,5,4,3,2
37,109,3,3,3,0,0
37,110,8,8,8,0,0
37,111,6,7,6,1,0
37,112,3,2,2,-1,-1
37,113,7,8,8,1,1
37,114,1,5,3,4,2
37,115,4,3,4,-1,0
37,116,5,6,6,1,1
37,117,4,6,5,2,1
37,118,8,3,6,-5,-2
37,119,4,8,6,4,2
37,120,6,7,6,1,0
37,121,7,3,5,-4,-2
37,122,2,1,2,-1,0
37,123,7,2,4,-5,-3
37,124,5,3,4,-2,-1
37,125,5,2,4,-3,-1
37,126,5,2,4,-3,-1
37,127,7,2,4,-5,-3
37,128,7,8,8,1,1
37,129,5,7,6,2,1
37,130,4,1,2,-3,-2
37,131,2,2,2,0,0
37,132,1,2,2,1,1
37,133,1,1,1,0,0
37,134,1,4,2,3,1
37,135,8,6,7,-2,-1
37,136,4,7,6,3,2
37,137,6,5,6,-1,0
37,138,4,8,6,4,2
37,139,7,3,5,-4,-2
37,140,8,4,6,-4,-2
37,141,4,4,4,0,0
37,142,4,8,6,4,2
37,143,6,7,6,1,0
37,144,5,1,3,-4,-2
37,145,4,6,5,2,1
37,146,4,2,3,-2,-1
37,147,7,1,4,-6,-3
37,148,3,1,2,-2,-1
37,149,7,3,5,-4,-2
37,150,6,2,4,-4,-2
37,151,7,2,4,-5,-3
37,152,6,3,4,-3,-2
37,153,8,5,6,-3,-2
38,1,7,2,4,-5,-3
38,2,6,6,6,0,0
38,3,8,2,5,-6,-3
38,4,8,7,8,-1,0
38,5,1,2,2,1,1
38,6,6,4,5,-2,-1
38,7,2,7,4,5,2
38,8,3,2,2,-1,-1
38,9,8,4,6,-4,-2
38,10,6,7,6,1,0
38,11,7,5,6,-2,-1
38,12,4,8,6,4,2
38,13,8,1,4,-7,-4
38,14,8,5,6,-3,-2
38,15,3,5,4,2,1
38,16,3,2,2,-1,-1
38,17,1,8,4,7,3
38,18,2,4,3,2,1
38,19,1,4,2,3,1
38,20,3,3,3,0,0
38,21,4,5,4,1,0
38,22,4,7,6,3,2
38,23,2,3,2,1,0
38,24,4,2,3,-2,-1
38,25,1,2,2,1,1
38,26,2,5,4,3,2
38,27,2,5,4,3,2
38,28,7,1,4,-6,-3
38,29,7,7,7,0,0
38,30,3,8,6,5,3
38,31,4,4,4,0,0
38,32,6,2,4,-4,-2
38,33,5,1,3,-4,-2
38,34,2,4,3,2,1
38,35,3,5,4,2,1
38,36,4,5,4,1,0
38,37,7,3,5,-4,-2
38,38,8,3,6,-5,-2
38,39,3,6,4,3,1
38,40,3,6,4,3,1
38,41,1,7,4,6,3
38,42,1,3,2,2,1
38,43,2,4,3,2,1
38,44,8,4,6,-4,-2
38,45,5,6,6,1,1
38,46,2,4,3,2,1
38,47,8,3,6,-5,-2
38,48,2,8,5,6,3
38,49,2,2,2,0,0
38,50,8,2,5,-6,-3
38,51,3,7,5,4,2
38,52,8,5,6,-3,-2
38,53,5,8,6,3,1
38,54,5,1,3,-4,-2
38,55,5,8,6,3,1
38,56,7,1,4,-6,-3
38,57,2,3,2,1,0
38,58,7,2,4,-5,-3
38,59,1,4,2,3,1
38,60,1,7,4,6,3
38,61,6,4,5,-2,-1
38,62,1,7,4,6,3
38,63,2,5,4,3,2
38,64,5,5,5,0,0
38,65,5,2,4,-3,-1
38,66,7,2,4,-5,-3
38,67,1,3,2,2,1
38,68,1,4,2,3,1
38,69,1,4,2,3,1
38,70,8,1,4,-7,-4
38,71,1,1,1,0,0
38,72,5,7,6,2,1
38,73,6,8,7,2,1
38,74,5,3,4,-2,-1
38,75,3,7,5,4,2
38,76,1,3,2,2,1
38,77,2,2,2,0,0
38,78,2,7,4,5,2
38,79,6,2,4,-4,-2
38,80,6,3,4,-3,-2
38,81,2,8,5,6,3
38,82,7,1,4,-6,-3
38,83,6,5,6,-1,0
38,84,1,8,4,7,3
38,85,4,2,3,-2,-1
38,86,5,8,6,3,1
38,87,6,1,4,-5,-2
38,88,2,1,2,-1,0
38,89,7,2,4,-5,-3
38,90,3,7,5,4,2
38,91,2,1,2,-1,0
38,92,4,6,5,2,1
38,93,6,4,5,-2,-1
38,94,5,1,3,-4,-2
38,95,7,3,5,-4,-2
38,96,6,5,6,-1,0
38,97,4,7,6,3,2
38,98,4,3,4,-1,0
38,99,5,3,4,-2,-1
38,100,3,3,3,0,0
38,101,6,2,4,-4,-2
38,102,7,7,7,0,0
38,103,3,8,6,5,3
38,104,1,8,4,7,3
38,105,3,1,2,-2,-1
38,106,8,4,6,-4,-2
38,107,3,4,4,1,1
38,108,1,2,2,1,1
38,109,5,8,6,3,1
38,110,8,6,7,-2,-1
38,111,3,1,2,-2,-1
38,112,1,6,4,5,3
38,113,6,1,4,-5,-2
38,114,7,8,8,1,1
38,115,4,3,4,-1,0
38,116,5,3,4,-2,-1
38,117,5,1,3,-4,-2
38,118,1,3,2,2,1
38,119,7,2,4,-5,-3
38,120,8,7,8,-1,0
38,121,6,4,5,-2,-1
38,122,3,7,5,4,2
38,123,1,7,4,6,3
38,124,4,7,6,3,2
38,125,6,3,4,-3,-2
38,126,2,5,4,3,2
38,127,2,6,4,4,2
38,128,6,7,6,1,0
38,129,7,6,6,-1,-1
38,130,4,5,4,1,0
38,131,6,4,5,-2,-1
38,132,5,3,4,-2,-1
38,133,6,1,4,-5,-2
38,134,8,5,6,-3,-2
38,135,6,7,6,1,0
38,136,6,6,6,0,0
38,137,8,8,8,0,0
38,138,2,8,5,6,3
38,139,7,4,6,-3,-1
38,140,4,3,4,-1,0
38,141,2,3,2,1,0
38,142,7,4,6,-3,-1
38,143,5,4,4,-1,-1
38,144,6,1,4,-5,-2
38,145,8,2,5,-6,-3
38,146,1,6,4,5,3
38,147,7,7,7,0,0
38,148,7,1,4,-6,-3
38,149,1,7,4,6,3
38,150,3,5,4,2,1
38,151,6,4,5,-2,-1
38,152,7,1,4,-6,-3
38,153,5,8,6,3,1
39,1,7,8,8,1,1
39,2,1,1,1,0,0
39,3,4,2,3,-2,-1
39,4,7,7,7,0,0
39,5,6,2,4,-4,-2
39,6,7,1,4,-6,-3
39,7,1,3,2,2,1
39,8,4,5,4,1,0
39,9,1,1,1,0,0
39,10,2,3,2,1,0
39,11,2,7,4,5,2
39,12,5,2,4,-3,-1
39,13,5,1,3,-4,-2
39,14,5,7,6,2,1
39,15,1,1,1,0,0
39,16,7,4,6,-3,-1
39,17,7,3,5,-4,-2
39,18,4,2,3,-2,-1
39,19,7,7,7,0,0
39,20,3,8,6,5,3
39,21,6,5,6,-1,0
39,22,2,5,4,3,2
39,23,2,6,4,4,2
39,24,5,6,6,1,1
39,25,2,8,5,6,3
39,26,8,5,6,-3,-2
39,27,7,2,4,-5,-3
39,28,1,3,2,2,1
39,29,4,8,6,4,2
39,30,1,3,2,2,1
39,31,2,5,4,3,2
39,32,2,5,4,3,2
39,33,3,6,4,3,1
39,34,4,5,4,1,0
39,35,3,5,4,2,1
39,36,7,3,5,-4,-2
39,37,5,4,4,-1,-1
39,38,8,8,8,0,0
39,39,1,7,4,6,3
39,40,2,4,3,2,1
39,41,2,3,2,1,0
39,42,1,1,1,0,0
39,43,2,3,2,1,0
39,44,5,4,4,-1,-1
39,45,7,8,8,1,1
39,46,1,5,3,4,2
39,47,6,6,6,0,0
39,48,6,2,4,-4,-2
39,49,5,1,3,-4,-2
39,50,8,7,8,-1,0
39,51,7,6,6,-1,-1
39,52,6,1,4,-5,-2
39,53,3,4,4,1,1
39,54,1,5,3,4,2
39,55,6,8,7,2,1
39,56,5,1,3,-4,-2
39,57,4,3,4,-1,0
39,58,7,6,6,-1,-1
39,59,7,4,6,-3,-1
39,60,8,2,5,-6,-3
39,61,4,1,2,-3,-2
39,62,7,4,6,-3,-1
39,63,7,8,8,1,1
39,64,2,5,4,3,2
39,65,5,1,3,-4,-2
39,66,4,5,4,1,0
39,67,8,1,4,-7,-4
39,68,1,6,4,5,3
39,69,6,4,5,-2,-1
39,70,4,3,4,-1,0
39,71,7,1,4,-6,-3
39,72,8,8,8,0,0
39,73,4,5,4,1,0
39,74,4,7,6,3,2
39,75,6,4,5,-2,-1
39,76,1,3,2,2,1
39,77,5,4,4,-1,-1
39,78,6,4,5,-2,-1
39,79,2,8,5,6,3
39,80,7,7,7,0,0
39,81,6,5,6,-1,0
39,82,1,6,4,5,3
39,83,2,1,2,-1,0
39,84,6,4,5,-2,-1
39,85,6,3,4,-3,-2
39,86,3,3,3,0,0
39,87,5,7,6,2,1
39,88,5,6,6,1,1
39,89,6,6,6,0,0
39,90,2,4,3,2,1
39,91,6,8,7,2,1
39,92,6,6,6,0,0
39,93,2,8,5,6,3
39,94,4,8,6,4,2
39,95,7,3,5,-4,-2
39,96,4,5,4,1,0
39,97,1,2,2,1,1
39,98,7,2,4,-5,-3
39,99,6,3,4,-3,-2
39,100,4,1,2,-3,-2
39,101,2,3,2,1,0
39,102,3,3,3,0,0
39,103,4,3,4,-1,0
39,104,1,4,2,3,1
39,105,1,3,2,2,1
39,106,3,8,6,5,3
39,107,6,7,6,1,0
39,108,1,7,4,6,3
39,109,8,3,6,-5,-2
39,110,7,2,4,-5,-3
39,111,5,8,6,3,1
39,112,4,2,3,-2,-1
39,113,7,3,5,-4,-2
39,114,8,7,8,-1,0
39,115,4,5,4,1,0
39,116,6,2,4,-4,-2
39,117,2,2,2,0,0
39,118,7,1,4,-6,-3
39,119,1,8,4,7,3
39,120,7,3,5,-4,-2
39,121,5,2,4,-3,-1
39,122,3,2,2,-1,-1
39,123,5,3,4,-2,-1
39,124,5,1,3,-4,-2
39,125,3,2,2,-1,-1
39,126,3,1,2,-2,-1
39,127,1,3,2,2,1
39,128,6,6,6,0,0
39,129,3,5,4,2,1
39,130,1,7,4,6,3
39,131,4,6,5,2,1
39,132,4,7,6,3,2
39,133,1,2,2,1,1
39,134,7,8,8,1,1
39,135,6,2,4,-4,-2
39,136,4,3,4,-1,0
39,137,5,6,6,1,1
39,138,7,5,6,-2,-1
39,139,1,4,2,3,1
39,140,5,8,6,3,1
39,141,3,4,4,1,1
39,142,8,5,6,-3,-2
39,143,8,2,5,-6,-3
39,144,4,1,2,-3,-2
39,145,4,2,3,-2,-1
39,146,3,7,5,4,2
39,147,3,4,4,1,1
39,148,5,3,4,-2,-1
39,149,6,1,4,-5,-2
39,150,7,5,6,-2,-1
39,151,7,4,6,-3,-1
39,152,6,3,4,-3,-2
39,153,5,7,6,2,1
40,1,3,7,5,4,2
40,2,7,4,6,-3,-1
40,3,6,2,4,-4,-2
40,4,6,7,6,1,0
40,5,1,6,4,5,3
40,6,4,7,6,3,2
40,7,6,2,4,-4,-2
40,8,7,3,5,-4,-2
40,9,7,8,8,1,1
40,10,3,5,4,2,1
40,11,3,5,4,2,1
40,12,2,5,4,3,2
40,13,3,4,4,1,1
40,14,8,1,4,-7,-4
40,15,3,3,3,0,0
40,16,8,6,7,-2,-1
40,17,8,2,5,-6,-3
40,18,7,6,6,-1,-1
40,19,7,4,6,-3,-1
40,20,4,3,4,-1,0
40,21,2,3,2,1,0
40,22,7,1,4,-6,-3
40,23,1,3,2,2,1
40,24,4,2,3,-2,-1
40,25,7,2,4,-5,-3
40,26,7,1,4,-6,-3
40,27,6,4,5,-2,-1
40,28,6,2,4,-4,-2
40,29,1,6,4,5,3
40,30,6,7,6,1,0
40,31,8,1,4,-7,-4
40,32,4,2,3,-2,-1
40,33,4,1,2,-3,-2
40,34,7,8,8,1,1
40,35,5,3,4,-2,-1
40,36,4,5,4,1,0
40,37,1,3,2,2,1
40,38,3,7,5,4,2
40,39,7,8,8,1,1
40,40,5,2,4,-3,-1
40,41,7,8,8,1,1
40,42,5,3,4,-2,-1
40,43,7,7,7,0,0
40,44,5,3,4,-2,-1
40,45,7,2,4,-5,-3
40,46,7,6,6,-1,-1
40,47,2,8,5,6,3
40,48,1,6,4,5,3
40,49,5,7,6,2,1
40,50,5,8,6,3,1
40,51,2,4,3,2,1
40,52,6,4,5,-2,-1
40,53,1,7,4,6,3
40,54,3,4,4,1,1
40,55,7,1,4,-6,-3
40,56,2,2,2,0,0
40,57,2,3,2,1,0
40,58,8,6,7,-2,-1
40,59,4,7,6,3,2
40,60,3,3,3,0,0
40,61,1,8,4,7,3
40,62,2,2,2,0,0
40,63,5,7,6,2,1
40,64,8,4,6,-4,-2
40,65,5,1,3,-4,-2
40,66,7,7,7,0,0
40,67,7,2,4,-5,-3
40,68,3,6,4,3,1
40,69,2,8,5,6,3
40,70,5,4,4,-1,-1
40,71,8,4,6,-4,-2
40,72,2,5,4,3,2
40,73,6,2,4,-4,-2
40,74,2,7,4,5,2
40,75,6,4,5,-2,-1
40,76,2,4,3,2,1
40,77,8,4,6,-4,-2
40,78,1,8,4,7,3
40,79,6,8,7,2,1
40,80,3,4,4,1,1
40,81,2,2,2,0,0
40,82,1,5,3,4,2
40,83,4,8,6,4,2
40,84,1,6,4,5,3
40,85,3,5,4,2,1
40,86,8,8,8,0,0
40,87,1,5,3,4,2
40,88,6,8,7,2,1
40,89,7,1,4,-6,-3
40,90,1,1,1,0,0
40,91,4,2,3,-2,-1
40,92,3,3,3,0,0
40,93,8,8,8,0,0
40,94,2,2,2,0,0
40,95,2,3,2,1,0
40,96,6,7,6,1,0
40,97,1,7,4,6,3
40,98,6,4,5,-2,-1
40,99,6,5,6,-1,0
40,100,2,2,2,0,0
40,101,2,6,4,4,2
40,102,2,1,2,-1,0
40,103,4,7,6,3,2
40,104,8,7,8,-1,0
40,105,6,6,6,0,0
40,106,1,3,2,2,1
40,107,8,2,5,-6,-3
40,108,6,8,7,2,1
40,109,7,6,6,-1,-1
40,110,4,2,3,-2,-1
40,111,6,7,6,1,0
40,112,8,1,4,-7,-4
40,113,5,7,6,2,1
40,114,8,8,8,0,0
40,115,4,3,4,-1,0
40,116,2,8,5,6,3
40,117,7,3,5,-4,-2
40,118,4,2,3,-2,-1
40,119,5,7,6,2,1
40,120,6,4,5,-2,-1
40,121,4,4,4,0,0
40,122,8,5,6,-3,-2
40,123,2,3,2,1,0
40,124,8,7,8,-1,0
40,125,6,7,6,1,0
40,126,1,8,4,7,3
40,127,7,5,6,-2,-1
40,128,1,4,2,3,1
40,129,1,8,4,7,3
40,130,1,3,2,2,1
40,131,1,5,3,4,2
40,132,8,3,6,-5,-2
40,133,3,8,6,5,3
40,134,1,1,1,0,0
40,135,8,5,6,-3,-2
40,136,7,4,6,-3,-1
40,137,2,7,4,5,2
40,138,1,4,2,3,1
40,139,3,1,2,-2,-1
40,140,3,2,2,-1,-1
40,141,6,1,4,-5,-2
40,142,2,2,2,0,0
40,143,2,8,5,6,3
40,144,2,5,4,3,2
40,145,8,1,4,-7,-4
40,146,7,3,5,-4,-2
40,147,3,5,4,2,1
40,148,2,8,5,6,3
40,149,3,5,4,2,1
40,150,8,4,6,-4,-2
40,151,3,2,2,-1,-1
40,152,2,2,2,0,0
40,153,8,2,5,-6,-3
