"ID","trial","FirstRating","GroupRating","SecondRating","Feedback","Change"
1,1,4,8,7,4,3
1,2,5,2,3,-3,-2
1,3,8,7,7,-1,-1
1,4,3,1,2,-2,-1
1,5,1,4,3,3,2
1,6,4,4,4,0,0
1,7,8,8,8,0,0
1,8,8,5,6,-3,-2
1,9,1,5,4,4,3
1,10,1,5,4,4,3
1,11,4,1,2,-3,-2
1,12,1,1,1,0,0
1,13,2,7,5,5,3
1,14,4,5,5,1,1
1,15,4,7,6,3,2
1,16,6,7,7,1,1
1,17,7,5,6,-2,-1
1,18,6,5,5,-1,-1
1,19,6,8,7,2,1
1,20,7,1,3,-6,-4
1,21,7,2,4,-5,-3
1,22,8,4,5,-4,-3
1,23,6,6,6,0,0
1,24,1,6,4,5,3
1,25,3,7,6,4,3
1,26,7,3,4,-4,-3
1,27,6,3,4,-3,-2
1,28,2,2,2,0,0
1,29,6,3,4,-3,-2
1,30,6,1,2,-5,-4
1,31,3,2,2,-1,-1
1,32,8,7,7,-1,-1
1,33,1,1,1,0,0
1,34,8,4,5,-4,-3
1,35,8,2,4,-6,-4
1,36,3,2,2,-1,-1
1,37,1,1,1,0,0
1,38,4,4,4,0,0
1,39,6,3,4,-3,-2
1,40,2,2,2,0,0
1,41,4,1,2,-3,-2
1,42,2,3,3,1,1
1,43,5,1,2,-4,-3
1,44,8,8,8,0,0
1,45,5,5,5,0,0
1,46,2,6,5,4,3
1,47,6,5,5,-1,-1
1,48,3,5,4,2,1
1,49,2,2,2,0,0
1,50,6,8,7,2,1
1,51,1,4,3,3,2
1,52,4,3,3,-1,-1
1,53,4,6,5,2,1
1,54,7,5,6,-2,-1
1,55,3,5,4,2,1
1,56,1,1,1,0,0
1,57,8,3,4,-5,-4
1,58,5,7,6,2,1
1,59,7,6,6,-1,-1
1,60,7,1,3,-6,-4
1,61,6,5,5,-1,-1
1,62,5,5,5,0,0
1,63,1,1,1,0,0
1,64,2,2,2,0,0
1,65,3,8,6,5,3
1,66,1,8,6,7,5
1,67,1,5,4,4,3
1,68,1,5,4,4,3
1,69,1,1,1,0,0
1,70,7,2,4,-5,-3
1,71,1,7,5,6,4
1,72,5,6,6,1,1
1,73,1,5,4,4,3
1,74,7,4,5,-3,-2
1,75,7,3,4,-4,-3
1,76,1,6,4,5,3
1,77,1,8,6,7,5
1,78,4,4,4,0,0
1,79,5,5,5,0,0
1,80,1,8,6,7,5
1,81,1,4,3,3,2
1,82,6,7,7,1,1
1,83,6,4,5,-2,-1
1,84,7,2,4,-5,-3
1,85,7,6,6,-1,-1
1,86,6,1,2,-5,-4
1,87,1,1,1,0,0
1,88,2,1,1,-1,-1
1,89,1,6,4,5,3
1,90,1,1,1,0,0
1,91,8,1,3,-7,-5
1,92,8,7,7,-1,-1
1,93,1,1,1,0,0
1,94,7,7,7,0,0
1,95,2,5,4,3,2
1,96,3,2,2,-1,-1
1,97,8,2,4,-6,-4
1,98,7,8,8,1,1
1,99,7,5,6,-2,-1
1,100,1,3,2,2,1
1,101,2,4,3,2,1
1,102,3,3,3,0,0
1,103,1,5,4,4,3
1,104,6,5,5,-1,-1
1,105,2,4,3,2,1
1,106,2,2,2,0,0
1,107,1,8,6,7,5
1,108,1,5,4,4,3
1,109,5,2,3,-3,-2
1,110,4,2,3,-2,-1
1,111,2,4,3,2,1
1,112,2,4,3,2,1
1,113,2,2,2,0,0
1,114,6,3,4,-3,-2
1,115,6,4,5,-2,-1
1,116,2,3,3,1,1
1,117,7,6,6,-1,-1
1,118,5,5,5,0,0
1,119,4,3,3,-1,-1
1,120,4,2,3,-2,-1
1,121,2,2,2,0,0
1,122,8,2,4,-6,-4
1,123,2,2,2,0,0
1,124,3,8,6,5,3
1,125,8,6,7,-2,-1
1,126,6,5,5,-1,-1
1,127,2,6,5,4,3
1,128,3,4,4,1,1
1,129,2,3,3,1,1
1,130,3,2,2,-1,-1
1,131,1,5,4,4,3
1,132,8,7,7,-1,-1
1,133,7,7,7,0,0
1,134,4,6,5,2,1
1,135,1,2,2,1,1
1,136,1,2,2,1,1
1,137,3,6,5,3,2
1,138,6,5,5,-1,-1
1,139,4,1,2,-3,-2
1,140,3,6,5,3,2
1,141,5,3,4,-2,-1
1,142,4,4,4,0,0
1,143,8,8,8,0,0
1,144,3,3,3,0,0
1,145,5,2,3,-3,-2
1,146,6,6,6,0,0
1,147,8,8,8,0,0
1,148,2,5,4,3,2
1,149,5,8,7,3,2
1,150,2,1,1,-1,-1
1,151,5,5,5,0,0
1,152,3,2,2,-1,-1
1,153,6,5,5,-1,-1
2,1,2,8,6,6,4
2,2,6,5,5,-1,-1
2,3,7,5,6,-2,-1
2,4,7,6,6,-1,-1
2,5,7,5,6,-2,-1
2,6,1,8,6,7,5
2,7,4,5,5,1,1
2,8,3,5,4,2,1
2,9,2,4,3,2,1
2,10,8,6,7,-2,-1
2,11,7,4,5,-3,-2
2,12,4,8,7,4,3
2,13,6,4,5,-2,-1
2,14,4,3,3,-1,-1
2,15,2,4,3,2,1
2,16,6,7,7,1,1
2,17,1,3,2,2,1
2,18,2,1,1,-1,-1
2,19,8,1,3,-7,-5
2,20,1,4,3,3,2
2,21,3,1,2,-2,-1
2,22,5,3,4,-2,-1
2,23,2,7,5,5,3
2,24,7,3,4,-4,-3
2,25,4,7,6,3,2
2,26,3,5,4,2,1
2,27,4,2,3,-2,-1
2,28,3,5,4,2,1
2,29,7,8,8,1,1
2,30,1,4,3,3,2
2,31,4,4,4,0,0
2,32,8,3,4,-5,-4
2,33,7,4,5,-3,-2
2,34,5,2,3,-3,-2
2,35,2,1,1,-1,-1
2,36,4,2,3,-2,-1
2,37,5,4,4,-1,-1
2,38,2,4,3,2,1
2,39,3,2,2,-1,-1
2,40,3,8,6,5,3
2,41,1,2,2,1,1
2,42,8,1,3,-7,-5
2,43,8,8,8,0,0
2,44,1,3,2,2,1
2,45,7,6,6,-1,-1
2,46,6,2,3,-4,-3
2,47,8,5,6,-3,-2
2,48,5,8,7,3,2
2,49,5,2,3,-3,-2
2,50,1,2,2,1,1
2,51,3,6,5,3,2
2,52,1,6,4,5,3
2,53,6,6,6,0,0
2,54,1,7,5,6,4
2,55,6,3,4,-3,-2
2,56,3,1,2,-2,-1
2,57,6,4,5,-2,-1
2,58,7,4,5,-3,-2
2,59,1,3,2,2,1
2,60,7,2,4,-5,-3
2,61,4,8,7,4,3
2,62,1,8,6,7,5
2,63,7,1,3,-6,-4
2,64,1,8,6,7,5
2,65,8,5,6,-3,-2
2,66,7,1,3,-6,-4
2,67,4,3,3,-1,-1
2,68,8,3,4,-5,-4
2,69,4,2,3,-2,-1
2,70,8,8,8,0,0
2,71,2,8,6,6,4
2,72,3,1,2,-2,-1
2,73,8,2,4,-6,-4
2,74,5,4,4,-1,-1
2,75,7,7,7,0,0
2,76,6,8,7,2,1
2,77,1,1,1,0,0
2,78,1,6,4,5,3
2,79,4,5,5,1,1
2,80,5,7,6,2,1
2,81,1,7,5,6,4
2,82,8,5,6,-3,-2
2,83,4,6,5,2,1
2,84,3,8,6,5,3
2,85,2,5,4,3,2
2,86,2,4,3,2,1
2,87,3,7,6,4,3
2,88,8,1,3,-7,-5
2,89,1,2,2,1,1
2,90,4,1,2,-3,-2
2,91,8,8,8,0,0
2,92,2,3,3,1,1
2,93,5,1,2,-4,-3
2,94,5,2,3,-3,-2
2,95,4,1,2,-3,-2
2,96,6,5,5,-1,-1
2,97,4,1,2,-3,-2
2,98,5,4,4,-1,-1
2,99,1,6,4,5,3
2,100,2,4,3,2,1
2,101,6,5,5,-1,-1
2,102,7,8,8,1,1
2,103,7,3,4,-4,-3
2,104,3,3,3,0,0
2,105,6,6,6,0,0
2,106,1,2,2,1,1
2,107,6,7,7,1,1
2,108,3,4,4,1,1
2,109,3,3,3,0,0
2,110,6,3,4,-3,-2
2,111,1,3,2,2,1
2,112,6,2,3,-4,-3
2,113,2,7,5,5,3
2,114,2,5,4,3,2
2,115,4,6,5,2,1
2,116,8,2,4,-6,-4
2,117,2,7,5,5,3
2,118,4,7,6,3,2
2,119,5,8,7,3,2
2,120,7,2,4,-5,-3
2,121,2,4,3,2,1
2,122,2,8,6,6,4
2,123,8,3,4,-5,-4
2,124,1,2,2,1,1
2,125,4,3,3,-1,-1
2,126,8,3,4,-5,-4
2,127,1,5,4,4,3
2,128,2,4,3,2,1
2,129,3,8,6,5,3
2,130,3,7,6,4,3
2,131,6,8,7,2,1
2,132,3,2,2,-1,-1
2,133,4,4,4,0,0
2,134,1,5,4,4,3
2,135,4,4,4,0,0
2,136,2,3,3,1,1
2,137,6,8,7,2,1
2,138,2,2,2,0,0
2,139,6,2,3,-4,-3
2,140,1,6,4,5,3
2,141,5,2,3,-3,-2
2,142,4,4,4,0,0
2,143,1,6,4,5,3
2,144,3,5,4,2,1
2,145,3,3,3,0,0
2,146,8,6,7,-2,-1
2,147,5,1,2,-4,-3
2,148,8,8,8,0,0
2,149,1,1,1,0,0
2,150,4,1,2,-3,-2
2,151,4,6,5,2,1
2,152,2,6,5,4,3
2,153,8,3,4,-5,-4
3,1,6,8,7,2,1
3,2,2,4,3,2,1
3,3,8,8,8,0,0
3,4,5,5,5,0,0
3,5,8,4,5,-4,-3
3,6,4,8,7,4,3
3,7,1,8,6,7,5
3,8,8,6,7,-2,-1
3,9,7,7,7,0,0
3,10,4,1,2,-3,-2
3,11,2,7,5,5,3
3,12,7,4,5,-3,-2
3,13,7,7,7,0,0
3,14,3,2,2,-1,-1
3,15,2,4,3,2,1
3,16,7,3,4,-4,-3
3,17,2,1,1,-1,-1
3,18,4,4,4,0,0
3,19,6,7,7,1,1
3,20,7,1,3,-6,-4
3,21,3,2,2,-1,-1
3,22,3,2,2,-1,-1
3,23,3,8,6,5,3
3,24,8,6,7,-2,-1
3,25,6,1,2,-5,-4
3,26,3,2,2,-1,-1
3,27,2,8,6,6,4
3,28,1,7,5,6,4
3,29,8,2,4,-6,-4
3,30,3,7,6,4,3
3,31,5,8,7,3,2
3,32,2,5,4,3,2
3,33,6,8,7,2,1
3,34,5,3,4,-2,-1
3,35,3,6,5,3,2
3,36,4,1,2,-3,-2
3,37,6,6,6,0,0
3,38,4,3,3,-1,-1
3,39,7,7,7,0,0
3,40,5,7,6,2,1
3,41,6,5,5,-1,-1
3,42,6,8,7,2,1
3,43,4,7,6,3,2
3,44,6,8,7,2,1
3,45,1,6,4,5,3
3,46,3,1,2,-2,-1
3,47,4,7,6,3,2
3,48,1,1,1,0,0
3,49,1,4,3,3,2
3,50,1,3,2,2,1
3,51,5,6,6,1,1
3,52,3,5,4,2,1
3,53,4,2,3,-2,-1
3,54,4,7,6,3,2
3,55,6,5,5,-1,-1
3,56,3,4,4,1,1
3,57,4,1,2,-3,-2
3,58,4,6,5,2,1
3,59,4,1,2,-3,-2
3,60,3,7,6,4,3
3,61,1,8,6,7,5
3,62,8,7,7,-1,-1
3,63,3,3,3,0,0
3,64,1,2,2,1,1
3,65,2,4,3,2,1
3,66,3,7,6,4,3
3,67,7,6,6,-1,-1
3,68,2,3,3,1,1
3,69,1,7,5,6,4
3,70,8,8,8,0,0
3,71,5,8,7,3,2
3,72,6,5,5,-1,-1
3,73,2,5,4,3,2
3,74,4,1,2,-3,-2
3,75,3,8,6,5,3
3,76,4,1,2,-3,-2
3,77,2,3,3,1,1
3,78,1,2,2,1,1
3,79,1,2,2,1,1
3,80,4,6,5,2,1
3,81,4,7,6,3,2
3,82,6,6,6,0,0
3,83,5,3,4,-2,-1
3,84,3,1,2,-2,-1
3,85,3,3,3,0,0
3,86,3,1,2,-2,-1
3,87,4,5,5,1,1
3,88,6,1,2,-5,-4
3,89,5,7,6,2,1
3,90,5,6,6,1,1
3,91,8,8,8,0,0
3,92,4,8,7,4,3
3,93,8,2,4,-6,-4
3,94,4,8,7,4,3
3,95,7,2,4,-5,-3
3,96,6,2,3,-4,-3
3,97,8,8,8,0,0
3,98,4,1,2,-3,-2
3,99,1,2,2,1,1
3,100,7,8,8,1,1
3,101,6,6,6,0,0
3,102,3,3,3,0,0
3,103,6,1,2,-5,-4
3,104,1,2,2,1,1
3,105,6,6,6,0,0
3,106,5,7,6,2,1
3,107,6,7,7,1,1
3,108,7,4,5,-3,-2
3,109,8,2,4,-6,-4
3,110,7,3,4,-4,-3
3,111,4,8,7,4,3
3,112,1,5,4,4,3
3,113,5,1,2,-4,-3
3,114,6,1,2,-5,-4
3,115,6,6,6,0,0
3,116,6,2,3,-4,-3
3,117,7,8,8,1,1
3,118,4,1,2,-3,-2
3,119,8,6,7,-2,-1
3,120,5,8,7,3,2
3,121,3,6,5,3,2
3,122,5,8,7,3,2
3,123,3,1,2,-2,-1
3,124,1,8,6,7,5
3,125,8,7,7,-1,-1
3,126,6,8,7,2,1
3,127,6,8,7,2,1
3,128,7,4,5,-3,-2
3,129,1,8,6,7,5
3,130,3,1,2,-2,-1
3,131,5,4,4,-1,-1
3,132,6,2,3,-4,-3
3,133,7,6,6,-1,-1
3,134,5,1,2,-4,-3
3,135,6,3,4,-3,-2
3,136,4,4,4,0,0
3,137,7,5,6,-2,-1
3,138,4,3,3,-1,-1
3,139,5,5,5,0,0
3,140,5,2,3,-3,-2
3,141,5,6,6,1,1
3,142,1,8,6,7,5
3,143,3,4,4,1,1
3,144,8,8,8,0,0
3,145,2,2,2,0,0
3,146,4,8,7,4,3
3,147,5,8,7,3,2
3,148,5,4,4,-1,-1
3,149,1,3,2,2,1
3,150,4,5,5,1,1
3,151,8,3,4,-5,-4
3,152,8,8,8,0,0
3,153,7,8,8,1,1
4,1,4,7,6,3,2
4,2,1,8,6,7,5
4,3,2,3,3,1,1
4,4,1,5,4,4,3
4,5,8,8,8,0,0
4,6,8,2,4,-6,-4
4,7,2,4,3,2,1
4,8,2,8,6,6,4
4,9,6,1,2,-5,-4
4,10,2,7,5,5,3
4,11,3,3,3,0,0
4,12,7,6,6,-1,-1
4,13,8,7,7,-1,-1
4,14,4,5,5,1,1
4,15,8,1,3,-7,-5
4,16,4,7,6,3,2
4,17,8,7,7,-1,-1
4,18,5,4,4,-1,-1
4,19,7,4,5,-3,-2
4,20,4,1,2,-3,-2
4,21,4,3,3,-1,-1
4,22,6,5,5,-1,-1
4,23,6,4,5,-2,-1
4,24,4,3,3,-1,-1
4,25,8,2,4,-6,-4
4,26,4,5,5,1,1
4,27,4,3,3,-1,-1
4,28,5,2,3,-3,-2
4,29,8,4,5,-4,-3
4,30,4,5,5,1,1
4,31,2,8,6,6,4
4,32,1,1,1,0,0
4,33,5,3,4,-2,-1
4,34,4,7,6,3,2
4,35,7,2,4,-5,-3
4,36,5,1,2,-4,-3
4,37,1,7,5,6,4
4,38,3,2,2,-1,-1
4,39,6,7,7,1,1
4,40,5,3,4,-2,-1
4,41,2,4,3,2,1
4,42,2,7,5,5,3
4,43,6,5,5,-1,-1
4,44,4,3,3,-1,-1
4,45,2,7,5,5,3
4,46,1,3,2,2,1
4,47,5,6,6,1,1
4,48,3,7,6,4,3
4,49,3,3,3,0,0
4,50,1,8,6,7,5
4,51,2,5,4,3,2
4,52,2,7,5,5,3
4,53,6,7,7,1,1
4,54,5,6,6,1,1
4,55,3,4,4,1,1
4,56,5,1,2,-4,-3
4,57,7,4,5,-3,-2
4,58,1,2,2,1,1
4,59,8,5,6,-3,-2
4,60,2,2,2,0,0
4,61,5,4,4,-1,-1
4,62,5,5,5,0,0
4,63,3,7,6,4,3
4,64,8,4,5,-4,-3
4,65,5,7,6,2,1
4,66,5,1,2,-4,-3
4,67,2,3,3,1,1
4,68,4,6,5,2,1
4,69,1,1,1,0,0
4,70,6,6,6,0,0
4,71,6,8,7,2,1
4,72,8,2,4,-6,-4
4,73,4,7,6,3,2
4,74,6,8,7,2,1
4,75,3,1,2,-2,-1
4,76,3,6,5,3,2
4,77,5,3,4,-2,-1
4,78,1,3,2,2,1
4,79,7,4,5,-3,-2
4,80,5,3,4,-2,-1
4,81,7,4,5,-3,-2
4,82,3,2,2,-1,-1
4,83,1,7,5,6,4
4,84,4,6,5,2,1
4,85,2,5,4,3,2
4,86,2,3,3,1,1
4,87,3,1,2,-2,-1
4,88,2,3,3,1,1
4,89,7,8,8,1,1
4,90,3,2,2,-1,-1
4,91,6,3,4,-3,-2
4,92,8,6,7,-2,-1
4,93,3,7,6,4,3
4,94,8,5,6,-3,-2
4,95,5,8,7,3,2
4,96,8,6,7,-2,-1
4,97,6,1,2,-5,-4
4,98,5,5,5,0,0
4,99,2,1,1,-1,-1
4,100,7,3,4,-4,-3
4,101,6,6,6,0,0
4,102,8,6,7,-2,-1
4,103,8,3,4,-5,-4
4,104,6,4,5,-2,-1
4,105,2,4,3,2,1
4,106,5,1,2,-4,-3
4,107,7,2,4,-5,-3
4,108,2,5,4,3,2
4,109,2,1,1,-1,-1
4,110,5,3,4,-2,-1
4,111,8,7,7,-1,-1
4,112,6,6,6,0,0
4,113,2,4,3,2,1
4,114,8,4,5,-4,-3
4,115,7,4,5,-3,-2
4,116,2,2,2,0,0
4,117,2,6,5,4,3
4,118,4,5,5,1,1
4,119,6,8,7,2,1
4,120,6,8,7,2,1
4,121,2,4,3,2,1
4,122,5,1,2,-4,-3
4,123,8,6,7,-2,-1
4,124,2,8,6,6,4
4,125,6,4,5,-2,-1
4,126,7,1,3,-6,-4
4,127,3,6,5,3,2
4,128,2,4,3,2,1
4,129,2,4,3,2,1
4,130,1,8,6,7,5
4,131,8,2,4,-6,-4
4,132,1,6,4,5,3
4,133,4,2,3,-2,-1
4,134,3,1,2,-2,-1
4,135,8,6,7,-2,-1
4,136,3,2,2,-1,-1
4,137,1,6,4,5,3
4,138,8,6,7,-2,-1
4,139,3,1,2,-2,-1
4,140,8,8,8,0,0
4,141,5,8,7,3,2
4,142,8,2,4,-6,-4
4,143,7,5,6,-2,-1
4,144,5,3,4,-2,-1
4,145,8,1,3,-7,-5
4,146,5,3,4,-2,-1
4,147,8,1,3,-7,-5
4,148,6,8,7,2,1
4,149,6,6,6,0,0
4,150,3,2,2,-1,-1
4,151,1,8,6,7,5
4,152,2,2,2,0,0
4,153,1,8,6,7,5
5,1,3,4,4,1,1
5,2,3,4,4,1,1
5,3,8,5,6,-3,-2
5,4,8,3,4,-5,-4
5,5,4,5,5,1,1
5,6,6,4,5,-2,-1
5,7,1,1,1,0,0
5,8,3,7,6,4,3
5,9,3,3,3,0,0
5,10,4,3,3,-1,-1
5,11,2,1,1,-1,-1
5,12,3,4,4,1,1
5,13,5,7,6,2,1
5,14,1,3,2,2,1
5,15,8,7,7,-1,-1
5,16,1,8,6,7,5
5,17,6,6,6,0,0
5,18,1,3,2,2,1
5,19,2,7,5,5,3
5,20,3,1,2,-2,-1
5,21,6,5,5,-1,-1
5,22,8,4,5,-4,-3
5,23,6,8,7,2,1
5,24,5,3,4,-2,-1
5,25,1,1,1,0,0
5,26,7,6,6,-1,-1
5,27,8,5,6,-3,-2
5,28,4,2,3,-2,-1
5,29,8,4,5,-4,-3
5,30,6,2,3,-4,-3
5,31,8,1,3,-7,-5
5,32,8,6,7,-2,-1
5,33,7,4,5,-3,-2
5,34,3,7,6,4,3
5,35,8,4,5,-4,-3
5,36,3,5,4,2,1
5,37,3,4,4,1,1
5,38,4,1,2,-3,-2
5,39,6,7,7,1,1
5,40,7,6,6,-1,-1
5,41,2,2,2,0,0
5,42,1,7,5,6,4
5,43,1,6,4,5,3
5,44,1,6,4,5,3
5,45,4,1,2,-3,-2
5,46,6,5,5,-1,-1
5,47,4,3,3,-1,-1
5,48,1,5,4,4,3
5,49,5,6,6,1,1
5,50,6,4,5,-2,-1
5,51,8,4,5,-4,-3
5,52,8,7,7,-1,-1
5,53,6,1,2,-5,-4
5,54,6,8,7,2,1
5,55,5,2,3,-3,-2
5,56,3,1,2,-2,-1
5,57,7,1,3,-6,-4
5,58,5,6,6,1,1
5,59,2,8,6,6,4
5,60,8,3,4,-5,-4
5,61,4,6,5,2,1
5,62,3,5,4,2,1
5,63,5,5,5,0,0
5,64,8,4,5,-4,-3
5,65,2,5,4,3,2
5,66,8,5,6,-3,-2
5,67,7,5,6,-2,-1
5,68,2,1,1,-1,-1
5,69,1,1,1,0,0
5,70,3,8,6,5,3
5,71,5,8,7,3,2
5,72,7,7,7,0,0
5,73,7,5,6,-2,-1
5,74,5,4,4,-1,-1
5,75,8,6,7,-2,-1
5,76,5,6,6,1,1
5,77,5,2,3,-3,-2
5,78,8,8,8,0,0
5,79,6,3,4,-3,-2
5,80,1,4,3,3,2
5,81,3,3,3,0,0
5,82,8,6,7,-2,-1
5,83,8,8,8,0,0
5,84,3,7,6,4,3
5,85,6,7,7,1,1
5,86,3,4,4,1,1
5,87,1,4,3,3,2
5,88,7,5,6,-2,-1
5,89,3,2,2,-1,-1
5,90,7,6,6,-1,-1
5,91,4,1,2,-3,-2
5,92,2,6,5,4,3
5,93,5,2,3,-3,-2
5,94,1,8,6,7,5
5,95,8,4,5,-4,-3
5,96,8,3,4,-5,-4
5,97,2,5,4,3,2
5,98,4,7,6,3,2
5,99,8,8,8,0,0
5,100,5,8,7,3,2
5,101,8,7,7,-1,-1
5,102,4,2,3,-2,-1
5,103,6,2,3,-4,-3
5,104,8,2,4,-6,-4
5,105,2,6,5,4,3
5,106,2,4,3,2,1
5,107,7,1,3,-6,-4
5,108,1,4,3,3,2
5,109,8,3,4,-5,-4
5,110,4,1,2,-3,-2
5,111,6,7,7,1,1
5,112,6,3,4,-3,-2
5,113,1,2,2,1,1
5,114,4,1,2,-3,-2
5,115,8,6,7,-2,-1
5,116,8,3,4,-5,-4
5,117,2,5,4,3,2
5,118,2,3,3,1,1
5,119,3,1,2,-2,-1
5,120,3,1,2,-2,-1
5,121,2,1,1,-1,-1
5,122,6,6,6,0,0
5,123,4,4,4,0,0
5,124,1,4,3,3,2
5,125,8,8,8,0,0
5,126,2,5,4,3,2
5,127,6,4,5,-2,-1
5,128,7,5,6,-2,-1
5,129,5,8,7,3,2
5,130,7,7,7,0,0
5,131,5,8,7,3,2
5,132,1,4,3,3,2
5,133,2,5,4,3,2
5,134,7,4,5,-3,-2
5,135,8,8,8,0,0
5,136,1,3,2,2,1
5,137,7,7,7,0,0
5,138,5,6,6,1,1
5,139,4,7,6,3,2
5,140,3,3,3,0,0
5,141,2,8,6,6,4
5,142,1,2,2,1,1
5,143,5,1,2,-4,-3
5,144,1,8,6,7,5
5,145,7,5,6,-2,-1
5,146,2,1,1,-1,-1
5,147,3,1,2,-2,-1
5,148,8,2,4,-6,-4
5,149,8,4,5,-4,-3
5,150,3,5,4,2,1
5,151,8,7,7,-1,-1
5,152,8,1,3,-7,-5
5,153,7,1,3,-6,-4
6,1,6,2,3,-4,-3
6,2,7,3,4,-4,-3
6,3,1,7,5,6,4
6,4,1,3,2,2,1
6,5,2,4,3,2,1
6,6,2,5,4,3,2
6,7,8,6,7,-2,-1
6,8,6,6,6,0,0
6,9,3,5,4,2,1
6,10,5,7,6,2,1
6,11,6,8,7,2,1
6,12,4,5,5,1,1
6,13,2,8,6,6,4
6,14,1,6,4,5,3
6,15,4,5,5,1,1
6,16,2,6,5,4,3
6,17,5,5,5,0,0
6,18,7,5,6,-2,-1
6,19,7,3,4,-4,-3
6,20,2,3,3,1,1
6,21,1,8,6,7,5
6,22,6,6,6,0,0
6,23,4,8,7,4,3
6,24,8,5,6,-3,-2
6,25,8,5,6,-3,-2
6,26,6,2,3,-4,-3
6,27,7,3,4,-4,-3
6,28,2,1,1,-1,-1
6,29,8,8,8,0,0
6,30,8,8,8,0,0
6,31,7,8,8,1,1
6,32,5,8,7,3,2
6,33,7,2,4,-5,-3
6,34,3,5,4,2,1
6,35,5,8,7,3,2
6,36,1,2,2,1,1
6,37,4,6,5,2,1
6,38,1,5,4,4,3
6,39,2,8,6,6,4
6,40,6,8,7,2,1
6,41,2,3,3,1,1
6,42,4,5,5,1,1
6,43,6,4,5,-2,-1
6,44,2,3,3,1,1
6,45,6,8,7,2,1
6,46,6,1,2,-5,-4
6,47,3,6,5,3,2
6,48,7,2,4,-5,-3
6,49,7,3,4,-4,-3
6,50,8,3,4,-5,-4
6,51,2,6,5,4,3
6,52,3,2,2,-1,-1
6,53,6,1,2,-5,-4
6,54,2,6,5,4,3
6,55,6,5,5,-1,-1
6,56,5,2,3,-3,-2
6,57,8,2,4,-6,-4
6,58,2,3,3,1,1
6,59,7,1,3,-6,-4
6,60,1,4,3,3,2
6,61,6,3,4,-3,-2
6,62,4,7,6,3,2
6,63,7,6,6,-1,-1
6,64,3,8,6,5,3
6,65,7,8,8,1,1
6,66,4,4,4,0,0
6,67,8,4,5,-4,-3
6,68,1,2,2,1,1
6,69,4,6,5,2,1
6,70,6,7,7,1,1
6,71,6,2,3,-4,-3
6,72,7,8,8,1,1
6,73,3,5,4,2,1
6,74,4,4,4,0,0
6,75,5,5,5,0,0
6,76,8,2,4,-6,-4
6,77,3,2,2,-1,-1
6,78,7,2,4,-5,-3
6,79,5,3,4,-2,-1
6,80,5,8,7,3,2
6,81,4,8,7,4,3
6,82,2,2,2,0,0
6,83,2,8,6,6,4
6,84,4,2,3,-2,-1
6,85,2,5,4,3,2
6,86,4,5,5,1,1
6,87,1,7,5,6,4
6,88,5,7,6,2,1
6,89,6,3,4,-3,-2
6,90,3,4,4,1,1
6,91,3,3,3,0,0
6,92,7,1,3,-6,-4
6,93,8,7,7,-1,-1
6,94,3,3,3,0,0
6,95,1,8,6,7,5
6,96,4,2,3,-2,-1
6,97,3,4,4,1,1
6,98,2,4,3,2,1
6,99,3,1,2,-2,-1
6,100,8,3,4,-5,-4
6,101,4,4,4,0,0
6,102,8,3,4,-5,-4
6,103,1,4,3,3,2
6,104,6,5,5,-1,-1
6,105,5,5,5,0,0
6,106,7,2,4,-5,-3
6,107,3,6,5,3,2
6,108,5,6,6,1,1
6,109,7,1,3,-6,-4
6,110,1,2,2,1,1
6,111,2,8,6,6,4
6,112,4,7,6,3,2
6,113,3,1,2,-2,-1
6,114,6,4,5,-2,-1
6,115,2,6,5,4,3
6,116,7,1,3,-6,-4
6,117,5,5,5,0,0
6,118,1,6,4,5,3
6,119,3,5,4,2,1
6,120,5,7,6,2,1
6,121,5,6,6,1,1
6,122,1,7,5,6,4
6,123,3,7,6,4,3
6,124,2,1,1,-1,-1
6,125,5,1,2,-4,-3
6,126,8,7,7,-1,-1
6,127,3,5,4,2,1
6,128,8,2,4,-6,-4
6,129,6,5,5,-1,-1
6,130,7,7,7,0,0
6,131,5,7,6,2,1
6,132,6,8,7,2,1
6,133,2,6,5,4,3
6,134,4,8,7,4,3
6,135,5,5,5,0,0
6,136,5,8,7,3,2
6,137,4,4,4,0,0
6,138,7,2,4,-5,-3
6,139,8,1,3,-7,-5
6,140,6,7,7,1,1
6,141,7,1,3,-6,-4
6,142,3,5,4,2,1
6,143,8,3,4,-5,-4
6,144,6,5,5,-1,-1
6,145,6,5,5,-1,-1
6,146,7,3,4,-4,-3
6,147,6,4,5,-2,-1
6,148,3,4,4,1,1
6,149,4,1,2,-3,-2
6,150,6,8,7,2,1
6,151,2,5,4,3,2
6,152,6,3,4,-3,-2
6,153,1,6,4,5,3
7,1,5,6,6,1,1
7,2,8,7,7,-1,-1
7,3,7,3,4,-4,-3
7,4,3,8,6,5,3
7,5,1,5,4,4,3
7,6,8,2,4,-6,-4
7,7,7,5,6,-2,-1
7,8,8,4,5,-4,-3
7,9,5,1,2,-4,-3
7,10,1,1,1,0,0
7,11,2,6,5,4,3
7,12,1,8,6,7,5
7,13,5,5,5,0,0
7,14,5,1,2,-4,-3
7,15,6,8,7,2,1
7,16,6,3,4,-3,-2
7,17,7,7,7,0,0
7,18,6,8,7,2,1
7,19,4,7,6,3,2
7,20,2,7,5,5,3
7,21,7,2,4,-5,-3
7,22,4,2,3,-2,-1
7,23,3,4,4,1,1
7,24,6,8,7,2,1
7,25,1,3,2,2,1
7,26,2,6,5,4,3
7,27,2,3,3,1,1
7,28,3,7,6,4,3
7,29,7,3,4,-4,-3
7,30,4,3,3,-1,-1
7,31,2,2,2,0,0
7,32,7,2,4,-5,-3
7,33,2,3,3,1,1
7,34,8,1,3,-7,-5
7,35,2,2,2,0,0
7,36,2,3,3,1,1
7,37,6,5,5,-1,-1
7,38,4,6,5,2,1
7,39,4,8,7,4,3
7,40,3,1,2,-2,-1
7,41,8,6,7,-2,-1
7,42,8,8,8,0,0
7,43,4,6,5,2,1
7,44,2,6,5,4,3
7,45,3,8,6,5,3
7,46,2,4,3,2,1
7,47,4,3,3,-1,-1
7,48,1,7,5,6,4
7,49,1,4,3,3,2
7,50,8,3,4,-5,-4
7,51,8,2,4,-6,-4
7,52,3,4,4,1,1
7,53,4,2,3,-2,-1
7,54,2,2,2,0,0
7,55,2,1,1,-1,-1
7,56,5,8,7,3,2
7,57,5,2,3,-3,-2
7,58,7,2,4,-5,-3
7,59,8,8,8,0,0
7,60,2,8,6,6,4
7,61,5,1,2,-4,-3
7,62,3,4,4,1,1
7,63,5,3,4,-2,-1
7,64,3,3,3,0,0
7,65,2,5,4,3,2
7,66,7,5,6,-2,-1
7,67,2,8,6,6,4
7,68,2,4,3,2,1
7,69,5,5,5,0,0
7,70,6,1,2,-5,-4
7,71,4,5,5,1,1
7,72,8,1,3,-7,-5
7,73,6,3,4,-3,-2
7,74,5,2,3,-3,-2
7,75,6,5,5,-1,-1
7,76,8,2,4,-6,-4
7,77,4,8,7,4,3
7,78,5,2,3,-3,-2
7,79,3,5,4,2,1
7,80,5,8,7,3,2
7,81,7,2,4,-5,-3
7,82,7,5,6,-2,-1
7,83,3,1,2,-2,-1
7,84,8,6,7,-2,-1
7,85,5,5,5,0,0
7,86,2,7,5,5,3
7,87,8,3,4,-5,-4
7,88,5,2,3,-3,-2
7,89,2,1,1,-1,-1
7,90,8,1,3,-7,-5
7,91,3,5,4,2,1
7,92,1,7,5,6,4
7,93,4,2,3,-2,-1
7,94,6,1,2,-5,-4
7,95,5,6,6,1,1
7,96,8,8,8,0,0
7,97,7,5,6,-2,-1
7,98,5,5,5,0,0
7,99,6,7,7,1,1
7,100,8,2,4,-6,-4
7,101,2,2,2,0,0
7,102,3,1,2,-2,-1
7,103,8,6,7,-2,-1
7,104,1,8,6,7,5
7,105,8,4,5,-4,-3
7,106,7,2,4,-5,-3
7,107,7,4,5,-3,-2
7,108,2,1,1,-1,-1
7,109,4,4,4,0,0
7,110,6,3,4,-3,-2
7,111,6,6,6,0,0
7,112,1,1,1,0,0
7,113,2,6,5,4,3
7,114,7,2,4,-5,-3
7,115,2,1,1,-1,-1
7,116,7,3,4,-4,-3
7,117,3,4,4,1,1
7,118,6,6,6,0,0
7,119,2,6,5,4,3
7,120,7,5,6,-2,-1
7,121,3,3,3,0,0
7,122,5,6,6,1,1
7,123,2,1,1,-1,-1
7,124,6,4,5,-2,-1
7,125,7,8,8,1,1
7,126,5,1,2,-4,-3
7,127,4,8,7,4,3
7,128,6,7,7,1,1
7,129,6,4,5,-2,-1
7,130,2,4,3,2,1
7,131,1,4,3,3,2
7,132,4,4,4,0,0
7,133,4,4,4,0,0
7,134,2,4,3,2,1
7,135,5,4,4,-1,-1
7,136,7,4,5,-3,-2
7,137,1,4,3,3,2
7,138,1,2,2,1,1
7,139,2,2,2,0,0
7,140,4,1,2,-3,-2
7,141,8,7,7,-1,-1
7,142,6,7,7,1,1
7,143,8,2,4,-6,-4
7,144,1,4,3,3,2
7,145,5,5,5,0,0
7,146,6,1,2,-5,-4
7,147,7,8,8,1,1
7,148,4,8,7,4,3
7,149,6,3,4,-3,-2
7,150,8,4,5,-4,-3
7,151,5,4,4,-1,-1
7,152,4,5,5,1,1
7,153,5,8,7,3,2
8,1,6,6,6,0,0
8,2,1,6,4,5,3
8,3,3,5,4,2,1
8,4,2,8,6,6,4
8,5,5,7,6,2,1
8,6,8,7,7,-1,-1
8,7,4,5,5,1,1
8,8,6,6,6,0,0
8,9,3,3,3,0,0
8,10,6,7,7,1,1
8,11,7,2,4,-5,-3
8,12,3,3,3,0,0
8,13,6,1,2,-5,-4
8,14,4,7,6,3,2
8,15,2,4,3,2,1
8,16,4,6,5,2,1
8,17,6,1,2,-5,-4
8,18,7,1,3,-6,-4
8,19,6,3,4,-3,-2
8,20,5,6,6,1,1
8,21,5,2,3,-3,-2
8,22,8,6,7,-2,-1
8,23,5,6,6,1,1
8,24,1,5,4,4,3
8,25,8,2,4,-6,-4
8,26,1,1,1,0,0
8,27,4,4,4,0,0
8,28,6,5,5,-1,-1
8,29,5,2,3,-3,-2
8,30,5,2,3,-3,-2
8,31,4,2,3,-2,-1
8,32,3,1,2,-2,-1
8,33,2,2,2,0,0
8,34,1,3,2,2,1
8,35,1,1,1,0,0
8,36,6,5,5,-1,-1
8,37,7,2,4,-5,-3
8,38,8,6,7,-2,-1
8,39,7,5,6,-2,-1
8,40,1,8,6,7,5
8,41,4,2,3,-2,-1
8,42,7,1,3,-6,-4
8,43,5,8,7,3,2
8,44,7,8,8,1,1
8,45,6,3,4,-3,-2
8,46,3,8,6,5,3
8,47,4,1,2,-3,-2
8,48,8,8,8,0,0
8,49,8,2,4,-6,-4
8,50,6,4,5,-2,-1
8,51,8,2,4,-6,-4
8,52,6,3,4,-3,-2
8,53,2,2,2,0,0
8,54,6,4,5,-2,-1
8,55,5,7,6,2,1
8,56,4,2,3,-2,-1
8,57,3,8,6,5,3
8,58,4,4,4,0,0
8,59,2,5,4,3,2
8,60,1,3,2,2,1
8,61,3,7,6,4,3
8,62,8,1,3,-7,-5
8,63,2,4,3,2,1
8,64,7,7,7,0,0
8,65,5,8,7,3,2
8,66,8,5,6,-3,-2
8,67,6,3,4,-3,-2
8,68,8,8,8,0,0
8,69,5,3,4,-2,-1
8,70,3,8,6,5,3
8,71,2,2,2,0,0
8,72,7,5,6,-2,-1
8,73,5,3,4,-2,-1
8,74,1,6,4,5,3
8,75,6,7,7,1,1
8,76,4,7,6,3,2
8,77,3,8,6,5,3
8,78,8,1,3,-7,-5
8,79,4,2,3,-2,-1
8,80,7,7,7,0,0
8,81,3,2,2,-1,-1
8,82,3,4,4,1,1
8,83,3,2,2,-1,-1
8,84,1,3,2,2,1
8,85,1,3,2,2,1
8,86,8,5,6,-3,-2
8,87,5,6,6,1,1
8,88,1,5,4,4,3
8,89,2,4,3,2,1
8,90,6,6,6,0,0
8,91,6,2,3,-4,-3
8,92,2,4,3,2,1
8,93,1,1,1,0,0
8,94,7,6,6,-1,-1
8,95,1,5,4,4,3
8,96,6,3,4,-3,-2
8,97,3,3,3,0,0
8,98,7,6,6,-1,-1
8,99,5,2,3,-3,-2
8,100,3,7,6,4,3
8,101,3,4,4,1,1
8,102,4,4,4,0,0
8,103,2,4,3,2,1
8,104,7,1,3,-6,-4
8,105,2,6,5,4,3
8,106,4,8,7,4,3
8,107,7,6,6,-1,-1
8,108,8,5,6,-3,-2
8,109,6,5,5,-1,-1
8,110,1,7,5,6,4
8,111,7,8,8,1,1
8,112,1,8,6,7,5
8,113,7,5,6,-2,-1
8,114,7,8,8,1,1
8,115,2,4,3,2,1
8,116,1,2,2,1,1
8,117,3,5,4,2,1
8,118,6,3,4,-3,-2
8,119,3,7,6,4,3
8,120,2,5,4,3,2
8,121,5,2,3,-3,-2
8,122,6,7,7,1,1
8,123,5,8,7,3,2
8,124,5,3,4,-2,-1
8,125,2,8,6,6,4
8,126,4,7,6,3,2
8,127,7,2,4,-5,-3
8,128,3,5,4,2,1
8,129,2,6,5,4,3
8,130,3,8,6,5,3
8,131,6,7,7,1,1
8,132,7,7,7,0,0
8,133,4,4,4,0,0
8,134,6,8,7,2,1
8,135,2,6,5,4,3
8,136,1,8,6,7,5
8,137,3,6,5,3,2
8,138,3,7,6,4,3
8,139,4,7,6,3,2
8,140,7,7,7,0,0
8,141,7,4,5,-3,-2
8,142,6,1,2,-5,-4
8,143,6,5,5,-1,-1
8,144,1,4,3,3,2
8,145,5,8,7,3,2
8,146,6,8,7,2,1
8,147,5,5,5,0,0
8,148,4,5,5,1,1
8,149,4,8,7,4,3
8,150,3,7,6,4,3
8,151,3,8,6,5,3
8,152,5,5,5,0,0
8,153,5,7,6,2,1
9,1,5,5,5,0,0
9,2,2,5,4,3,2
9,3,1,5,4,4,3
9,4,5,8,7,3,2
9,5,8,5,6,-3,-2
9,6,4,4,4,0,0
9,7,7,7,7,0,0
9,8,1,6,4,5,3
9,9,7,8,8,1,1
9,10,6,3,4,-3,-2
9,11,4,3,3,-1,-1
9,12,4,5,5,1,1
9,13,7,7,7,0,0
9,14,4,1,2,-3,-2
9,15,2,1,1,-1,-1
9,16,1,4,3,3,2
9,17,1,8,6,7,5
9,18,7,2,4,-5,-3
9,19,4,2,3,-2,-1
9,20,3,2,2,-1,-1
9,21,4,4,4,0,0
9,22,8,8,8,0,0
9,23,5,3,4,-2,-1
9,24,4,4,4,0,0
9,25,8,8,8,0,0
9,26,3,3,3,0,0
9,27,8,7,7,-1,-1
9,28,3,5,4,2,1
9,29,3,7,6,4,3
9,30,5,5,5,0,0
9,31,8,3,4,-5,-4
9,32,8,8,8,0,0
9,33,7,8,8,1,1
9,34,3,5,4,2,1
9,35,3,5,4,2,1
9,36,7,3,4,-4,-3
9,37,2,5,4,3,2
9,38,8,3,4,-5,-4
9,39,6,7,7,1,1
9,40,1,8,6,7,5
9,41,4,8,7,4,3
9,42,5,7,6,2,1
9,43,5,7,6,2,1
9,44,8,5,6,-3,-2
9,45,3,4,4,1,1
9,46,3,1,2,-2,-1
9,47,4,2,3,-2,-1
9,48,2,6,5,4,3
9,49,8,8,8,0,0
9,50,3,3,3,0,0
9,51,4,6,5,2,1
9,52,8,7,7,-1,-1
9,53,2,5,4,3,2
9,54,2,5,4,3,2
9,55,4,5,5,1,1
9,56,3,7,6,4,3
9,57,3,2,2,-1,-1
9,58,3,4,4,1,1
9,59,7,8,8,1,1
9,60,6,7,7,1,1
9,61,1,4,3,3,2
9,62,2,7,5,5,3
9,63,1,2,2,1,1
9,64,1,5,4,4,3
9,65,7,4,5,-3,-2
9,66,7,8,8,1,1
9,67,8,3,4,-5,-4
9,68,7,8,8,1,1
9,69,6,2,3,-4,-3
9,70,7,4,5,-3,-2
9,71,4,3,3,-1,-1
9,72,2,7,5,5,3
9,73,5,7,6,2,1
9,74,1,6,4,5,3
9,75,6,7,7,1,1
9,76,3,1,2,-2,-1
9,77,6,1,2,-5,-4
9,78,1,4,3,3,2
9,79,4,3,3,-1,-1
9,80,6,1,2,-5,-4
9,81,2,8,6,6,4
9,82,2,7,5,5,3
9,83,2,6,5,4,3
9,84,2,3,3,1,1
9,85,7,1,3,-6,-4
9,86,8,5,6,-3,-2
9,87,4,1,2,-3,-2
9,88,5,2,3,-3,-2
9,89,4,3,3,-1,-1
9,90,4,1,2,-3,-2
9,91,3,3,3,0,0
9,92,4,4,4,0,0
9,93,8,2,4,-6,-4
9,94,7,7,7,0,0
9,95,4,1,2,-3,-2
9,96,6,5,5,-1,-1
9,97,5,3,4,-2,-1
9,98,1,8,6,7,5
9,99,7,3,4,-4,-3
9,100,8,5,6,-3,-2
9,101,4,7,6,3,2
9,102,3,3,3,0,0
9,103,1,5,4,4,3
9,104,1,1,1,0,0
9,105,1,8,6,7,5
9,106,3,2,2,-1,-1
9,107,2,7,5,5,3
9,108,1,7,5,6,4
9,109,5,5,5,0,0
9,110,4,2,3,-2,-1
9,111,7,5,6,-2,-1
9,112,1,6,4,5,3
9,113,7,8,8,1,1
9,114,5,8,7,3,2
9,115,4,7,6,3,2
9,116,8,2,4,-6,-4
9,117,6,3,4,-3,-2
9,118,8,7,7,-1,-1
9,119,6,1,2,-5,-4
9,120,1,2,2,1,1
9,121,2,5,4,3,2
9,122,3,6,5,3,2
9,123,5,6,6,1,1
9,124,4,4,4,0,0
9,125,2,4,3,2,1
9,126,5,1,2,-4,-3
9,127,3,3,3,0,0
9,128,2,6,5,4,3
9,129,3,7,6,4,3
9,130,5,2,3,-3,-2
9,131,5,2,3,-3,-2
9,132,1,2,2,1,1
9,133,5,2,3,-3,-2
9,134,6,5,5,-1,-1
9,135,2,4,3,2,1
9,136,1,8,6,7,5
9,137,6,1,2,-5,-4
9,138,7,3,4,-4,-3
9,139,2,5,4,3,2
9,140,2,3,3,1,1
9,141,2,4,3,2,1
9,142,4,3,3,-1,-1
9,143,5,1,2,-4,-3
9,144,1,1,1,0,0
9,145,5,6,6,1,1
9,146,7,8,8,1,1
9,147,3,3,3,0,0
9,148,8,5,6,-3,-2
9,149,4,4,4,0,0
9,150,4,6,5,2,1
9,151,1,5,4,4,3
9,152,7,5,6,-2,-1
9,153,7,5,6,-2,-1
10,1,7,4,5,-3,-2
10,2,1,1,1,0,0
10,3,5,1,2,-4,-3
10,4,3,7,6,4,3
10,5,8,3,4,-5,-4
10,6,2,5,4,3,2
10,7,6,8,7,2,1
10,8,5,7,6,2,1
10,9,8,2,4,-6,-4
10,10,5,2,3,-3,-2
10,11,4,1,2,-3,-2
10,12,3,4,4,1,1
10,13,1,8,6,7,5
10,14,6,6,6,0,0
10,15,1,6,4,5,3
10,16,3,3,3,0,0
10,17,4,1,2,-3,-2
10,18,4,8,7,4,3
10,19,2,2,2,0,0
10,20,1,5,4,4,3
10,21,8,1,3,-7,-5
10,22,8,4,5,-4,-3
10,23,8,2,4,-6,-4
10,24,1,7,5,6,4
10,25,7,1,3,-6,-4
10,26,7,4,5,-3,-2
10,27,4,7,6,3,2
10,28,8,6,7,-2,-1
10,29,3,1,2,-2,-1
10,30,4,2,3,-2,-1
10,31,4,6,5,2,1
10,32,6,2,3,-4,-3
10,33,5,5,5,0,0
10,34,1,5,4,4,3
10,35,7,3,4,-4,-3
10,36,4,5,5,1,1
10,37,4,7,6,3,2
10,38,4,8,7,4,3
10,39,8,2,4,-6,-4
10,40,4,5,5,1,1
10,41,1,7,5,6,4
10,42,8,3,4,-5,-4
10,43,6,6,6,0,0
10,44,3,2,2,-1,-1
10,45,8,6,7,-2,-1
10,46,8,6,7,-2,-1
10,47,8,4,5,-4,-3
10,48,3,7,6,4,3
10,49,8,2,4,-6,-4
10,50,1,4,3,3,2
10,51,5,3,4,-2,-1
10,52,7,1,3,-6,-4
10,53,1,1,1,0,0
10,54,5,2,3,-3,-2
10,55,7,1,3,-6,-4
10,56,5,5,5,0,0
10,57,7,8,8,1,1
10,58,6,8,7,2,1
10,59,1,4,3,3,2
10,60,6,2,3,-4,-3
10,61,5,2,3,-3,-2
10,62,3,1,2,-2,-1
10,63,5,2,3,-3,-2
10,64,8,4,5,-4,-3
10,65,3,7,6,4,3
10,66,4,7,6,3,2
10,67,3,6,5,3,2
10,68,8,5,6,-3,-2
10,69,4,4,4,0,0
10,70,4,2,3,-2,-1
10,71,3,8,6,5,3
10,72,4,2,3,-2,-1
10,73,7,8,8,1,1
10,74,3,3,3,0,0
10,75,6,5,5,-1,-1
10,76,4,2,3,-2,-1
10,77,4,6,5,2,1
10,78,8,5,6,-3,-2
10,79,6,5,5,-1,-1
10,80,6,5,5,-1,-1
10,81,4,8,7,4,3
10,82,4,5,5,1,1
10,83,1,8,6,7,5
10,84,6,5,5,-1,-1
10,85,6,2,3,-4,-3
10,86,1,1,1,0,0
10,87,3,1,2,-2,-1
10,88,4,1,2,-3,-2
10,89,1,5,4,4,3
10,90,6,3,4,-3,-2
10,91,8,5,6,-3,-2
10,92,6,2,3,-4,-3
10,93,8,7,7,-1,-1
10,94,8,2,4,-6,-4
10,95,2,2,2,0,0
10,96,4,1,2,-3,-2
10,97,6,5,5,-1,-1
10,98,7,3,4,-4,-3
10,99,6,7,7,1,1
10,100,6,6,6,0,0
10,101,4,8,7,4,3
10,102,7,5,6,-2,-1
10,103,2,6,5,4,3
10,104,8,8,8,0,0
10,105,4,2,3,-2,-1
10,106,1,7,5,6,4
10,107,4,4,4,0,0
10,108,7,3,4,-4,-3
10,109,4,1,2,-3,-2
10,110,3,2,2,-1,-1
10,111,1,6,4,5,3
10,112,1,2,2,1,1
10,113,3,1,2,-2,-1
10,114,4,4,4,0,0
10,115,2,8,6,6,4
10,116,7,3,4,-4,-3
10,117,3,4,4,1,1
10,118,8,3,4,-5,-4
10,119,3,3,3,0,0
10,120,1,4,3,3,2
10,121,1,7,5,6,4
10,122,4,7,6,3,2
10,123,7,6,6,-1,-1
10,124,7,5,6,-2,-1
10,125,3,5,4,2,1
10,126,1,7,5,6,4
10,127,3,6,5,3,2
10,128,3,4,4,1,1
10,129,3,6,5,3,2
10,130,8,5,6,-3,-2
10,131,8,6,7,-2,-1
10,132,7,8,8,1,1
10,133,1,7,5,6,4
10,134,8,7,7,-1,-1
10,135,5,2,3,-3,-2
10,136,8,4,5,-4,-3
10,137,5,4,4,-1,-1
10,138,8,6,7,-2,-1
10,139,7,3,4,-4,-3
10,140,1,3,2,2,1
10,141,1,8,6,7,5
10,142,7,4,5,-3,-2
10,143,3,7,6,4,3
10,144,5,4,4,-1,-1
10,145,3,5,4,2,1
10,146,3,8,6,5,3
10,147,2,2,2,0,0
10,148,2,2,2,0,0
10,149,6,8,7,2,1
10,150,4,4,4,0,0
10,151,7,3,4,-4,-3
10,152,7,8,8,1,1
10,153,1,5,4,4,3
11,1,4,6,5,2,1
11,2,1,1,1,0,0
11,3,7,4,5,-3,-2
11,4,6,6,6,0,0
11,5,3,1,2,-2,-1
11,6,6,4,5,-2,-1
11,7,5,5,5,0,0
11,8,6,6,6,0,0
11,9,4,3,3,-1,-1
11,10,4,2,3,-2,-1
11,11,7,4,5,-3,-2
11,12,8,8,8,0,0
11,13,5,2,3,-3,-2
11,14,3,8,6,5,3
11,15,8,6,7,-2,-1
11,16,2,7,5,5,3
11,17,7,7,7,0,0
11,18,1,8,6,7,5
11,19,5,2,3,-3,-2
11,20,8,8,8,0,0
11,21,7,3,4,-4,-3
11,22,8,4,5,-4,-3
11,23,4,4,4,0,0
11,24,1,3,2,2,1
11,25,7,8,8,1,1
11,26,1,2,2,1,1
11,27,8,7,7,-1,-1
11,28,1,1,1,0,0
11,29,4,5,5,1,1
11,30,5,7,6,2,1
11,31,1,2,2,1,1
11,32,2,2,2,0,0
11,33,5,6,6,1,1
11,34,5,5,5,0,0
11,35,3,1,2,-2,-1
11,36,7,8,8,1,1
11,37,4,2,3,-2,-1
11,38,6,1,2,-5,-4
11,39,2,4,3,2,1
11,40,3,5,4,2,1
11,41,3,8,6,5,3
11,42,1,1,1,0,0
11,43,4,6,5,2,1
11,44,4,4,4,0,0
11,45,3,3,3,0,0
11,46,2,5,4,3,2
11,47,2,7,5,5,3
11,48,1,6,4,5,3
11,49,7,2,4,-5,-3
11,50,6,7,7,1,1
11,51,4,2,3,-2,-1
11,52,7,1,3,-6,-4
11,53,1,1,1,0,0
11,54,8,5,6,-3,-2
11,55,6,3,4,-3,-2
11,56,7,4,5,-3,-2
11,57,8,1,3,-7,-5
11,58,3,3,3,0,0
11,59,7,3,4,-4,-3
11,60,3,2,2,-1,-1
11,61,8,7,7,-1,-1
11,62,8,2,4,-6,-4
11,63,3,3,3,0,0
11,64,4,7,6,3,2
11,65,4,4,4,0,0
11,66,3,6,5,3,2
11,67,7,3,4,-4,-3
11,68,1,6,4,5,3
11,69,6,1,2,-5,-4
11,70,8,4,5,-4,-3
11,71,7,1,3,-6,-4
11,72,1,4,3,3,2
11,73,8,1,3,-7,-5
11,74,5,4,4,-1,-1
11,75,6,1,2,-5,-4
11,76,1,3,2,2,1
11,77,2,7,5,5,3
11,78,6,8,7,2,1
11,79,3,1,2,-2,-1
11,80,2,3,3,1,1
11,81,2,3,3,1,1
11,82,3,7,6,4,3
11,83,2,6,5,4,3
11,84,4,1,2,-3,-2
11,85,8,8,8,0,0
11,86,4,5,5,1,1
11,87,1,4,3,3,2
11,88,5,6,6,1,1
11,89,5,4,4,-1,-1
11,90,4,6,5,2,1
11,91,1,1,1,0,0
11,92,7,7,7,0,0
11,93,6,1,2,-5,-4
11,94,4,6,5,2,1
11,95,4,1,2,-3,-2
11,96,7,5,6,-2,-1
11,97,2,4,3,2,1
11,98,1,7,5,6,4
11,99,7,4,5,-3,-2
11,100,2,7,5,5,3
11,101,1,8,6,7,5
11,102,1,5,4,4,3
11,103,1,4,3,3,2
11,104,8,5,6,-3,-2
11,105,8,7,7,-1,-1
11,106,4,7,6,3,2
11,107,1,7,5,6,4
11,108,6,3,4,-3,-2
11,109,4,5,5,1,1
11,110,8,1,3,-7,-5
11,111,8,3,4,-5,-4
11,112,4,5,5,1,1
11,113,2,6,5,4,3
11,114,7,8,8,1,1
11,115,4,5,5,1,1
11,116,4,8,7,4,3
11,117,3,7,6,4,3
11,118,1,6,4,5,3
11,119,7,8,8,1,1
11,120,1,1,1,0,0
11,121,7,1,3,-6,-4
11,122,5,7,6,2,1
11,123,3,7,6,4,3
11,124,5,8,7,3,2
11,125,8,2,4,-6,-4
11,126,5,1,2,-4,-3
11,127,2,8,6,6,4
11,128,6,1,2,-5,-4
11,129,2,1,1,-1,-1
11,130,8,8,8,0,0
11,131,8,7,7,-1,-1
11,132,6,3,4,-3,-2
11,133,2,6,5,4,3
11,134,1,1,1,0,0
11,135,5,4,4,-1,-1
11,136,1,4,3,3,2
11,137,6,7,7,1,1
11,138,2,5,4,3,2
11,139,5,4,4,-1,-1
11,140,3,3,3,0,0
11,141,6,8,7,2,1
11,142,4,5,5,1,1
11,143,5,6,6,1,1
11,144,5,7,6,2,1
11,145,1,3,2,2,1
11,146,3,2,2,-1,-1
11,147,7,4,5,-3,-2
11,148,8,5,6,-3,-2
11,149,5,7,6,2,1
11,150,3,7,6,4,3
11,151,3,2,2,-1,-1
11,152,2,7,5,5,3
11,153,5,3,4,-2,-1
12,1,1,6,4,5,3
12,2,2,2,2,0,0
12,3,1,5,4,4,3
12,4,8,4,5,-4,-3
12,5,3,7,6,4,3
12,6,4,4,4,0,0
12,7,8,8,8,0,0
12,8,1,8,6,7,5
12,9,1,2,2,1,1
12,10,4,8,7,4,3
12,11,4,1,2,-3,-2
12,12,1,4,3,3,2
12,13,3,7,6,4,3
12,14,5,7,6,2,1
12,15,5,5,5,0,0
12,16,3,5,4,2,1
12,17,5,4,4,-1,-1
12,18,6,1,2,-5,-4
12,19,2,1,1,-1,-1
12,20,5,7,6,2,1
12,21,5,2,3,-3,-2
12,22,4,3,3,-1,-1
12,23,8,8,8,0,0
12,24,8,8,8,0,0
12,25,1,8,6,7,5
12,26,4,1,2,-3,-2
12,27,5,1,2,-4,-3
12,28,1,3,2,2,1
12,29,6,1,2,-5,-4
12,30,1,5,4,4,3
12,31,3,8,6,5,3
12,32,4,8,7,4,3
12,33,6,8,7,2,1
12,34,4,7,6,3,2
12,35,6,6,6,0,0
12,36,2,5,4,3,2
12,37,4,8,7,4,3
12,38,7,2,4,-5,-3
12,39,6,3,4,-3,-2
12,40,6,7,7,1,1
12,41,5,4,4,-1,-1
12,42,5,4,4,-1,-1
12,43,6,1,2,-5,-4
12,44,8,1,3,-7,-5
12,45,4,4,4,0,0
12,46,6,3,4,-3,-2
12,47,5,2,3,-3,-2
12,48,5,3,4,-2,-1
12,49,1,4,3,3,2
12,50,6,7,7,1,1
12,51,4,8,7,4,3
12,52,6,6,6,0,0
12,53,5,4,4,-1,-1
12,54,1,6,4,5,3
12,55,8,3,4,-5,-4
12,56,2,6,5,4,3
12,57,6,8,7,2,1
12,58,3,2,2,-1,-1
12,59,4,1,2,-3,-2
12,60,7,1,3,-6,-4
12,61,2,3,3,1,1
12,62,7,2,4,-5,-3
12,63,1,8,6,7,5
12,64,6,2,3,-4,-3
12,65,6,6,6,0,0
12,66,2,1,1,-1,-1
12,67,5,6,6,1,1
12,68,1,6,4,5,3
12,69,4,7,6,3,2
12,70,5,3,4,-2,-1
12,71,4,4,4,0,0
12,72,6,5,5,-1,-1
12,73,5,2,3,-3,-2
12,74,8,4,5,-4,-3
12,75,5,2,3,-3,-2
12,76,4,8,7,4,3
12,77,8,2,4,-6,-4
12,78,2,6,5,4,3
12,79,4,4,4,0,0
12,80,7,3,4,-4,-3
12,81,3,4,4,1,1
12,82,2,2,2,0,0
12,83,1,7,5,6,4
12,84,1,3,2,2,1
12,85,3,2,2,-1,-1
12,86,1,8,6,7,5
12,87,4,8,7,4,3
12,88,8,4,5,-4,-3
12,89,2,2,2,0,0
12,90,4,4,4,0,0
12,91,8,7,7,-1,-1
12,92,3,5,4,2,1
12,93,7,4,5,-3,-2
12,94,8,6,7,-2,-1
12,95,5,3,4,-2,-1
12,96,8,3,4,-5,-4
12,97,8,7,7,-1,-1
12,98,1,7,5,6,4
12,99,4,5,5,1,1
12,100,4,7,6,3,2
12,101,1,4,3,3,2
12,102,5,6,6,1,1
12,103,8,8,8,0,0
12,104,1,1,1,0,0
12,105,8,8,8,0,0
12,106,5,8,7,3,2
12,107,2,5,4,3,2
12,108,3,1,2,-2,-1
12,109,1,4,3,3,2
12,110,3,1,2,-2,-1
12,111,5,5,5,0,0
12,112,8,3,4,-5,-4
12,113,8,8,8,0,0
12,114,1,2,2,1,1
12,115,8,7,7,-1,-1
12,116,3,4,4,1,1
12,117,7,2,4,-5,-3
12,118,3,6,5,3,2
12,119,8,4,5,-4,-3
12,120,4,5,5,1,1
12,121,4,4,4,0,0
12,122,8,3,4,-5,-4
12,123,5,7,6,2,1
12,124,2,4,3,2,1
12,125,6,7,7,1,1
12,126,3,5,4,2,1
12,127,1,7,5,6,4
12,128,3,4,4,1,1
12,129,5,6,6,1,1
12,130,7,3,4,-4,-3
12,131,7,2,4,-5,-3
12,132,3,6,5,3,2
12,133,5,8,7,3,2
12,134,2,5,4,3,2
12,135,1,7,5,6,4
12,136,8,4,5,-4,-3
12,137,8,6,7,-2,-1
12,138,3,4,4,1,1
12,139,2,6,5,4,3
12,140,3,1,2,-2,-1
12,141,2,6,5,4,3
12,142,2,5,4,3,2
12,143,8,4,5,-4,-3
12,144,4,4,4,0,0
12,145,6,5,5,-1,-1
12,146,4,6,5,2,1
12,147,7,5,6,-2,-1
12,148,8,7,7,-1,-1
12,149,4,4,4,0,0
12,150,7,4,5,-3,-2
12,151,5,4,4,-1,-1
12,152,6,8,7,2,1
12,153,8,2,4,-6,-4
13,1,6,7,7,1,1
13,2,4,6,5,2,1
13,3,2,3,3,1,1
13,4,3,5,4,2,1
13,5,4,3,3,-1,-1
13,6,8,1,3,-7,-5
13,7,7,3,4,-4,-3
13,8,7,1,3,-6,-4
13,9,8,4,5,-4,-3
13,10,6,7,7,1,1
13,11,6,6,6,0,0
13,12,6,3,4,-3,-2
13,13,4,6,5,2,1
13,14,4,4,4,0,0
13,15,8,6,7,-2,-1
13,16,8,7,7,-1,-1
13,17,6,7,7,1,1
13,18,6,4,5,-2,-1
13,19,6,3,4,-3,-2
13,20,8,4,5,-4,-3
13,21,4,6,5,2,1
13,22,7,4,5,-3,-2
13,23,3,6,5,3,2
13,24,6,1,2,-5,-4
13,25,2,8,6,6,4
13,26,5,1,2,-4,-3
13,27,5,2,3,-3,-2
13,28,5,1,2,-4,-3
13,29,6,2,3,-4,-3
13,30,6,7,7,1,1
13,31,7,5,6,-2,-1
13,32,3,4,4,1,1
13,33,4,6,5,2,1
13,34,7,3,4,-4,-3
13,35,4,5,5,1,1
13,36,4,3,3,-1,-1
13,37,4,8,7,4,3
13,38,8,6,7,-2,-1
13,39,5,2,3,-3,-2
13,40,2,8,6,6,4
13,41,7,6,6,-1,-1
13,42,8,7,7,-1,-1
13,43,5,5,5,0,0
13,44,7,8,8,1,1
13,45,7,8,8,1,1
13,46,8,6,7,-2,-1
13,47,5,8,7,3,2
13,48,4,4,4,0,0
13,49,7,2,4,-5,-3
13,50,7,4,5,-3,-2
13,51,5,1,2,-4,-3
13,52,5,2,3,-3,-2
13,53,1,1,1,0,0
13,54,1,6,4,5,3
13,55,1,1,1,0,0
13,56,4,6,5,2,1
13,57,7,4,5,-3,-2
13,58,1,1,1,0,0
13,59,8,4,5,-4,-3
13,60,7,7,7,0,0
13,61,7,3,4,-4,-3
13,62,7,5,6,-2,-1
13,63,7,2,4,-5,-3
13,64,6,5,5,-1,-1
13,65,1,5,4,4,3
13,66,6,4,5,-2,-1
13,67,7,5,6,-2,-1
13,68,8,5,6,-3,-2
13,69,6,5,5,-1,-1
13,70,3,3,3,0,0
13,71,3,3,3,0,0
13,72,6,3,4,-3,-2
13,73,8,1,3,-7,-5
13,74,3,6,5,3,2
13,75,2,3,3,1,1
13,76,1,4,3,3,2
13,77,7,2,4,-5,-3
13,78,2,6,5,4,3
13,79,5,4,4,-1,-1
13,80,5,7,6,2,1
13,81,2,4,3,2,1
13,82,1,2,2,1,1
13,83,2,7,5,5,3
13,84,4,2,3,-2,-1
13,85,6,1,2,-5,-4
13,86,7,5,6,-2,-1
13,87,3,8,6,5,3
13,88,1,7,5,6,4
13,89,5,6,6,1,1
13,90,6,4,5,-2,-1
13,91,7,6,6,-1,-1
13,92,5,2,3,-3,-2
13,93,4,4,4,0,0
13,94,6,5,5,-1,-1
13,95,4,8,7,4,3
13,96,2,4,3,2,1
13,97,4,3,3,-1,-1
13,98,6,1,2,-5,-4
13,99,4,5,5,1,1
13,100,2,8,6,6,4
13,101,5,2,3,-3,-2
13,102,1,5,4,4,3
13,103,6,7,7,1,1
13,104,7,7,7,0,0
13,105,3,1,2,-2,-1
13,106,5,7,6,2,1
13,107,7,6,6,-1,-1
13,108,3,8,6,5,3
13,109,4,7,6,3,2
13,110,1,3,2,2,1
13,111,3,2,2,-1,-1
13,112,8,2,4,-6,-4
13,113,5,8,7,3,2
13,114,1,6,4,5,3
13,115,3,5,4,2,1
13,116,6,8,7,2,1
13,117,7,3,4,-4,-3
13,118,3,4,4,1,1
13,119,2,7,5,5,3
13,120,3,5,4,2,1
13,121,6,4,5,-2,-1
13,122,7,4,5,-3,-2
13,123,2,4,3,2,1
13,124,8,3,4,-5,-4
13,125,1,6,4,5,3
13,126,1,2,2,1,1
13,127,2,4,3,2,1
13,128,1,8,6,7,5
13,129,3,7,6,4,3
13,130,5,5,5,0,0
13,131,4,7,6,3,2
13,132,7,4,5,-3,-2
13,133,1,3,2,2,1
13,134,2,3,3,1,1
13,135,4,3,3,-1,-1
13,136,5,3,4,-2,-1
13,137,8,8,8,0,0
13,138,2,1,1,-1,-1
13,139,2,5,4,3,2
13,140,1,4,3,3,2
13,141,7,3,4,-4,-3
13,142,3,1,2,-2,-1
13,143,2,1,1,-1,-1
13,144,2,5,4,3,2
13,145,4,1,2,-3,-2
13,146,5,5,5,0,0
13,147,1,7,5,6,4
13,148,2,8,6,6,4
13,149,4,6,5,2,1
13,150,4,4,4,0,0
13,151,5,4,4,-1,-1
13,152,7,7,7,0,0
13,153,6,2,3,-4,-3
14,1,2,5,4,3,2
14,2,6,8,7,2,1
14,3,7,1,3,-6,-4
14,4,1,4,3,3,2
14,5,2,7,5,5,3
14,6,2,3,3,1,1
14,7,8,3,4,-5,-4
14,8,4,8,7,4,3
14,9,3,3,3,0,0
14,10,7,3,4,-4,-3
14,11,7,7,7,0,0
14,12,7,1,3,-6,-4
14,13,6,2,3,-4,-3
14,14,4,8,7,4,3
14,15,4,2,3,-2,-1
14,16,4,1,2,-3,-2
14,17,2,2,2,0,0
14,18,1,7,5,6,4
14,19,3,8,6,5,3
14,20,3,3,3,0,0
14,21,4,1,2,-3,-2
14,22,6,1,2,-5,-4
14,23,6,5,5,-1,-1
14,24,1,1,1,0,0
14,25,4,8,7,4,3
14,26,5,1,2,-4,-3
14,27,1,6,4,5,3
14,28,5,8,7,3,2
14,29,5,1,2,-4,-3
14,30,5,1,2,-4,-3
14,31,5,1,2,-4,-3
14,32,3,5,4,2,1
14,33,5,4,4,-1,-1
14,34,6,3,4,-3,-2
14,35,7,2,4,-5,-3
14,36,6,2,3,-4,-3
14,37,8,5,6,-3,-2
14,38,2,2,2,0,0
14,39,7,5,6,-2,-1
14,40,3,7,6,4,3
14,41,6,5,5,-1,-1
14,42,1,5,4,4,3
14,43,6,8,7,2,1
14,44,3,6,5,3,2
14,45,3,3,3,0,0
14,46,7,8,8,1,1
14,47,2,4,3,2,1
14,48,7,8,8,1,1
14,49,7,1,3,-6,-4
14,50,8,2,4,-6,-4
14,51,3,7,6,4,3
14,52,2,6,5,4,3
14,53,4,6,5,2,1
14,54,1,6,4,5,3
14,55,8,8,8,0,0
14,56,4,5,5,1,1
14,57,6,3,4,-3,-2
14,58,7,5,6,-2,-1
14,59,3,7,6,4,3
14,60,3,7,6,4,3
14,61,6,8,7,2,1
14,62,2,6,5,4,3
14,63,4,8,7,4,3
14,64,1,6,4,5,3
14,65,4,1,2,-3,-2
14,66,6,3,4,-3,-2
14,67,4,5,5,1,1
14,68,3,1,2,-2,-1
14,69,3,6,5,3,2
14,70,1,4,3,3,2
14,71,6,1,2,-5,-4
14,72,6,4,5,-2,-1
14,73,1,6,4,5,3
14,74,1,6,4,5,3
14,75,2,8,6,6,4
14,76,2,7,5,5,3
14,77,3,7,6,4,3
14,78,7,1,3,-6,-4
14,79,3,4,4,1,1
14,80,2,6,5,4,3
14,81,3,6,5,3,2
14,82,1,3,2,2,1
14,83,5,8,7,3,2
14,84,3,7,6,4,3
14,85,3,8,6,5,3
14,86,6,6,6,0,0
14,87,3,7,6,4,3
14,88,7,2,4,-5,-3
14,89,1,2,2,1,1
14,90,4,7,6,3,2
14,91,6,7,7,1,1
14,92,1,6,4,5,3
14,93,6,8,7,2,1
14,94,5,6,6,1,1
14,95,3,4,4,1,1
14,96,6,4,5,-2,-1
14,97,3,4,4,1,1
14,98,2,6,5,4,3
14,99,1,1,1,0,0
14,100,2,4,3,2,1
14,101,1,1,1,0,0
14,102,3,5,4,2,1
14,103,3,3,3,0,0
14,104,7,1,3,-6,-4
14,105,3,8,6,5,3
14,106,3,1,2,-2,-1
14,107,8,1,3,-7,-5
14,108,7,1,3,-6,-4
14,109,8,5,6,-3,-2
14,110,1,8,6,7,5
14,111,7,6,6,-1,-1
14,112,4,8,7,4,3
14,113,2,2,2,0,0
14,114,3,4,4,1,1
14,115,2,7,5,5,3
14,116,3,1,2,-2,-1
14,117,6,4,5,-2,-1
14,118,4,7,6,3,2
14,119,5,4,4,-1,-1
14,120,4,7,6,3,2
14,121,6,3,4,-3,-2
14,122,4,6,5,2,1
14,123,4,6,5,2,1
14,124,2,3,3,1,1
14,125,6,2,3,-4,-3
14,126,8,7,7,-1,-1
14,127,4,5,5,1,1
14,128,6,5,5,-1,-1
14,129,8,7,7,-1,-1
14,130,2,1,1,-1,-1
14,131,4,6,5,2,1
14,132,5,2,3,-3,-2
14,133,7,5,6,-2,-1
14,134,3,8,6,5,3
14,135,3,8,6,5,3
14,136,5,3,4,-2,-1
14,137,4,3,3,-1,-1
14,138,8,8,8,0,0
14,139,6,3,4,-3,-2
14,140,2,2,2,0,0
14,141,2,8,6,6,4
14,142,6,5,5,-1,-1
14,143,6,2,3,-4,-3
14,144,2,3,3,1,1
14,145,5,6,6,1,1
14,146,1,7,5,6,4
14,147,4,3,3,-1,-1
14,148,8,1,3,-7,-5
14,149,2,6,5,4,3
14,150,8,5,6,-3,-2
14,151,4,1,2,-3,-2
14,152,3,5,4,2,1
14,153,6,6,6,0,0
15,1,5,5,5,0,0
15,2,7,4,5,-3,-2
15,3,5,2,3,-3,-2
15,4,3,1,2,-2,-1
15,5,3,8,6,5,3
15,6,2,1,1,-1,-1
15,7,8,1,3,-7,-5
15,8,5,3,4,-2,-1
15,9,5,6,6,1,1
15,10,2,5,4,3,2
15,11,8,8,8,0,0
15,12,1,3,2,2,1
15,13,5,1,2,-4,-3
15,14,3,2,2,-1,-1
15,15,5,8,7,3,2
15,16,5,5,5,0,0
15,17,4,8,7,4,3
15,18,3,6,5,3,2
15,19,6,4,5,-2,-1
15,20,1,2,2,1,1
15,21,7,6,6,-1,-1
15,22,1,3,2,2,1
15,23,8,8,8,0,0
15,24,1,1,1,0,0
15,25,7,3,4,-4,-3
15,26,8,4,5,-4,-3
15,27,6,6,6,0,0
15,28,7,5,6,-2,-1
15,29,6,3,4,-3,-2
15,30,7,4,5,-3,-2
15,31,5,8,7,3,2
15,32,4,7,6,3,2
15,33,5,6,6,1,1
15,34,6,4,5,-2,-1
15,35,4,5,5,1,1
15,36,8,7,7,-1,-1
15,37,4,4,4,0,0
15,38,5,8,7,3,2
15,39,2,3,3,1,1
15,40,7,6,6,-1,-1
15,41,6,6,6,0,0
15,42,1,1,1,0,0
15,43,6,1,2,-5,-4
15,44,3,8,6,5,3
15,45,1,1,1,0,0
15,46,1,5,4,4,3
15,47,8,2,4,-6,-4
15,48,2,7,5,5,3
15,49,3,2,2,-1,-1
15,50,7,3,4,-4,-3
15,51,2,4,3,2,1
15,52,3,8,6,5,3
15,53,7,6,6,-1,-1
15,54,7,2,4,-5,-3
15,55,5,1,2,-4,-3
15,56,5,5,5,0,0
15,57,5,4,4,-1,-1
15,58,1,4,3,3,2
15,59,7,3,4,-4,-3
15,60,7,8,8,1,1
15,61,2,6,5,4,3
15,62,8,2,4,-6,-4
15,63,7,1,3,-6,-4
15,64,5,7,6,2,1
15,65,8,3,4,-5,-4
15,66,1,1,1,0,0
15,67,4,5,5,1,1
15,68,6,1,2,-5,-4
15,69,5,8,7,3,2
15,70,1,8,6,7,5
15,71,3,1,2,-2,-1
15,72,4,5,5,1,1
15,73,2,5,4,3,2
15,74,5,6,6,1,1
15,75,5,5,5,0,0
15,76,7,6,6,-1,-1
15,77,8,4,5,-4,-3
15,78,1,2,2,1,1
15,79,1,2,2,1,1
15,80,5,5,5,0,0
15,81,2,1,1,-1,-1
15,82,1,8,6,7,5
15,83,4,6,5,2,1
15,84,6,7,7,1,1
15,85,7,6,6,-1,-1
15,86,2,8,6,6,4
15,87,2,7,5,5,3
15,88,4,2,3,-2,-1
15,89,3,2,2,-1,-1
15,90,5,8,7,3,2
15,91,2,2,2,0,0
15,92,7,7,7,0,0
15,93,8,4,5,-4,-3
15,94,3,4,4,1,1
15,95,8,5,6,-3,-2
15,96,1,8,6,7,5
15,97,8,7,7,-1,-1
15,98,2,4,3,2,1
15,99,5,8,7,3,2
15,100,1,4,3,3,2
15,101,5,8,7,3,2
15,102,8,7,7,-1,-1
15,103,1,3,2,2,1
15,104,2,4,3,2,1
15,105,3,7,6,4,3
15,106,5,5,5,0,0
15,107,7,5,6,-2,-1
15,108,8,7,7,-1,-1
15,109,8,3,4,-5,-4
15,110,5,2,3,-3,-2
15,111,3,5,4,2,1
15,112,3,4,4,1,1
15,113,2,2,2,0,0
15,114,4,3,3,-1,-1
15,115,5,6,6,1,1
15,116,3,5,4,2,1
15,117,4,4,4,0,0
15,118,6,7,7,1,1
15,119,6,4,5,-2,-1
15,120,6,1,2,-5,-4
15,121,5,4,4,-1,-1
15,122,5,1,2,-4,-3
15,123,7,6,6,-1,-1
15,124,1,3,2,2,1
15,125,7,8,8,1,1
15,126,3,8,6,5,3
15,127,1,5,4,4,3
15,128,7,6,6,-1,-1
15,129,6,7,7,1,1
15,130,7,2,4,-5,-3
15,131,7,2,4,-5,-3
15,132,1,8,6,7,5
15,133,6,1,2,-5,-4
15,134,1,1,1,0,0
15,135,2,4,3,2,1
15,136,5,7,6,2,1
15,137,6,4,5,-2,-1
15,138,6,1,2,-5,-4
15,139,6,2,3,-4,-3
15,140,2,8,6,6,4
15,141,5,6,6,1,1
15,142,3,7,6,4,3
15,143,8,2,4,-6,-4
15,144,7,7,7,0,0
15,145,1,8,6,7,5
15,146,6,5,5,-1,-1
15,147,7,7,7,0,0
15,148,3,7,6,4,3
15,149,2,7,5,5,3
15,150,7,5,6,-2,-1
15,151,1,4,3,3,2
15,152,5,1,2,-4,-3
15,153,6,2,3,-4,-3
16,1,8,4,5,-4,-3
16,2,3,1,2,-2,-1
16,3,8,1,3,-7,-5
16,4,7,3,4,-4,-3
16,5,6,4,5,-2,-1
16,6,5,4,4,-1,-1
16,7,4,1,2,-3,-2
16,8,4,8,7,4,3
16,9,2,2,2,0,0
16,10,6,3,4,-3,-2
16,11,4,5,5,1,1
16,12,7,4,5,-3,-2
16,13,4,7,6,3,2
16,14,6,6,6,0,0
16,15,5,6,6,1,1
16,16,7,6,6,-1,-1
16,17,2,2,2,0,0
16,18,3,7,6,4,3
16,19,4,2,3,-2,-1
16,20,7,3,4,-4,-3
16,21,7,4,5,-3,-2
16,22,5,5,5,0,0
16,23,5,2,3,-3,-2
16,24,3,1,2,-2,-1
16,25,7,2,4,-5,-3
16,26,8,3,4,-5,-4
16,27,4,8,7,4,3
16,28,1,5,4,4,3
16,29,6,2,3,-4,-3
16,30,3,8,6,5,3
16,31,8,6,7,-2,-1
16,32,5,8,7,3,2
16,33,1,5,4,4,3
16,34,3,1,2,-2,-1
16,35,4,6,5,2,1
16,36,2,8,6,6,4
16,37,6,5,5,-1,-1
16,38,6,8,7,2,1
16,39,1,3,2,2,1
16,40,2,1,1,-1,-1
16,41,4,6,5,2,1
16,42,6,8,7,2,1
16,43,6,1,2,-5,-4
16,44,3,5,4,2,1
16,45,7,7,7,0,0
16,46,7,5,6,-2,-1
16,47,6,1,2,-5,-4
16,48,4,1,2,-3,-2
16,49,5,1,2,-4,-3
16,50,6,3,4,-3,-2
16,51,8,8,8,0,0
16,52,3,4,4,1,1
16,53,2,2,2,0,0
16,54,3,4,4,1,1
16,55,4,6,5,2,1
16,56,6,5,5,-1,-1
16,57,5,2,3,-3,-2
16,58,4,3,3,-1,-1
16,59,1,5,4,4,3
16,60,5,8,7,3,2
16,61,1,5,4,4,3
16,62,7,6,6,-1,-1
16,63,6,5,5,-1,-1
16,64,4,1,2,-3,-2
16,65,6,4,5,-2,-1
16,66,2,6,5,4,3
16,67,5,3,4,-2,-1
16,68,2,6,5,4,3
16,69,7,3,4,-4,-3
16,70,6,1,2,-5,-4
16,71,5,5,5,0,0
16,72,2,8,6,6,4
16,73,8,1,3,-7,-5
16,74,2,5,4,3,2
16,75,3,6,5,3,2
16,76,5,3,4,-2,-1
16,77,4,3,3,-1,-1
16,78,6,3,4,-3,-2
16,79,5,7,6,2,1
16,80,3,5,4,2,1
16,81,1,4,3,3,2
16,82,4,7,6,3,2
16,83,8,7,7,-1,-1
16,84,1,5,4,4,3
16,85,7,8,8,1,1
16,86,7,6,6,-1,-1
16,87,6,6,6,0,0
16,88,7,2,4,-5,-3
16,89,5,7,6,2,1
16,90,8,7,7,-1,-1
16,91,2,1,1,-1,-1
16,92,1,6,4,5,3
16,93,4,5,5,1,1
16,94,1,8,6,7,5
16,95,6,6,6,0,0
16,96,4,3,3,-1,-1
16,97,8,4,5,-4,-3
16,98,4,8,7,4,3
16,99,4,8,7,4,3
16,100,7,5,6,-2,-1
16,101,4,1,2,-3,-2
16,102,7,7,7,0,0
16,103,5,4,4,-1,-1
16,104,1,4,3,3,2
16,105,4,1,2,-3,-2
16,106,4,5,5,1,1
16,107,2,6,5,4,3
16,108,7,2,4,-5,-3
16,109,6,3,4,-3,-2
16,110,3,7,6,4,3
16,111,6,4,5,-2,-1
16,112,1,2,2,1,1
16,113,2,5,4,3,2
16,114,5,5,5,0,0
16,115,4,1,2,-3,-2
16,116,7,4,5,-3,-2
16,117,7,2,4,-5,-3
16,118,6,6,6,0,0
16,119,1,7,5,6,4
16,120,8,4,5,-4,-3
16,121,4,2,3,-2,-1
16,122,2,8,6,6,4
16,123,8,4,5,-4,-3
16,124,8,4,5,-4,-3
16,125,2,4,3,2,1
16,126,7,7,7,0,0
16,127,5,6,6,1,1
16,128,8,6,7,-2,-1
16,129,8,4,5,-4,-3
16,130,5,1,2,-4,-3
16,131,7,3,4,-4,-3
16,132,7,3,4,-4,-3
16,133,1,8,6,7,5
16,134,6,8,7,2,1
16,135,6,6,6,0,0
16,136,2,8,6,6,4
16,137,4,5,5,1,1
16,138,7,5,6,-2,-1
16,139,6,6,6,0,0
16,140,8,4,5,-4,-3
16,141,4,6,5,2,1
16,142,4,8,7,4,3
16,143,1,1,1,0,0
16,144,5,1,2,-4,-3
16,145,4,6,5,2,1
16,146,5,1,2,-4,-3
16,147,4,6,5,2,1
16,148,7,3,4,-4,-3
16,149,7,3,4,-4,-3
16,150,7,3,4,-4,-3
16,151,1,1,1,0,0
16,152,8,1,3,-7,-5
16,153,6,2,3,-4,-3
17,1,2,4,3,2,1
17,2,4,2,3,-2,-1
17,3,7,7,7,0,0
17,4,3,6,5,3,2
17,5,1,8,6,7,5
17,6,5,5,5,0,0
17,7,4,8,7,4,3
17,8,3,1,2,-2,-1
17,9,1,8,6,7,5
17,10,7,4,5,-3,-2
17,11,7,4,5,-3,-2
17,12,2,7,5,5,3
17,13,1,4,3,3,2
17,14,2,4,3,2,1
17,15,4,5,5,1,1
17,16,2,8,6,6,4
17,17,7,2,4,-5,-3
17,18,3,4,4,1,1
17,19,3,8,6,5,3
17,20,8,1,3,-7,-5
17,21,1,8,6,7,5
17,22,7,3,4,-4,-3
17,23,6,8,7,2,1
17,24,7,2,4,-5,-3
17,25,3,8,6,5,3
17,26,3,6,5,3,2
17,27,4,1,2,-3,-2
17,28,7,2,4,-5,-3
17,29,1,8,6,7,5
17,30,4,1,2,-3,-2
17,31,5,2,3,-3,-2
17,32,6,1,2,-5,-4
17,33,7,6,6,-1,-1
17,34,5,5,5,0,0
17,35,2,7,5,5,3
17,36,7,1,3,-6,-4
17,37,2,1,1,-1,-1
17,38,7,7,7,0,0
17,39,2,5,4,3,2
17,40,3,2,2,-1,-1
17,41,8,8,8,0,0
17,42,2,2,2,0,0
17,43,7,8,8,1,1
17,44,6,6,6,0,0
17,45,7,7,7,0,0
17,46,7,5,6,-2,-1
17,47,4,2,3,-2,-1
17,48,7,1,3,-6,-4
17,49,4,1,2,-3,-2
17,50,7,1,3,-6,-4
17,51,2,1,1,-1,-1
17,52,4,1,2,-3,-2
17,53,2,6,5,4,3
17,54,3,3,3,0,0
17,55,7,5,6,-2,-1
17,56,3,5,4,2,1
17,57,5,2,3,-3,-2
17,58,7,7,7,0,0
17,59,2,2,2,0,0
17,60,2,8,6,6,4
17,61,1,1,1,0,0
17,62,7,3,4,-4,-3
17,63,6,1,2,-5,-4
17,64,1,7,5,6,4
17,65,8,3,4,-5,-4
17,66,2,5,4,3,2
17,67,4,6,5,2,1
17,68,4,2,3,-2,-1
17,69,1,1,1,0,0
17,70,4,4,4,0,0
17,71,2,8,6,6,4
17,72,2,3,3,1,1
17,73,5,5,5,0,0
17,74,7,5,6,-2,-1
17,75,1,8,6,7,5
17,76,6,7,7,1,1
17,77,2,3,3,1,1
17,78,1,4,3,3,2
17,79,5,1,2,-4,-3
17,80,1,3,2,2,1
17,81,8,8,8,0,0
17,82,1,7,5,6,4
17,83,7,7,7,0,0
17,84,5,3,4,-2,-1
17,85,3,3,3,0,0
17,86,2,1,1,-1,-1
17,87,5,6,6,1,1
17,88,3,1,2,-2,-1
17,89,5,8,7,3,2
17,90,3,4,4,1,1
17,91,6,1,2,-5,-4
17,92,1,2,2,1,1
17,93,1,6,4,5,3
17,94,5,7,6,2,1
17,95,8,8,8,0,0
17,96,7,6,6,-1,-1
17,97,4,1,2,-3,-2
17,98,8,5,6,-3,-2
17,99,6,4,5,-2,-1
17,100,5,3,4,-2,-1
17,101,2,4,3,2,1
17,102,8,8,8,0,0
17,103,8,5,6,-3,-2
17,104,7,4,5,-3,-2
17,105,8,5,6,-3,-2
17,106,7,1,3,-6,-4
17,107,7,1,3,-6,-4
17,108,6,1,2,-5,-4
17,109,4,3,3,-1,-1
17,110,3,6,5,3,2
17,111,4,4,4,0,0
17,112,8,2,4,-6,-4
17,113,6,6,6,0,0
17,114,6,6,6,0,0
17,115,2,6,5,4,3
17,116,3,8,6,5,3
17,117,8,7,7,-1,-1
17,118,5,2,3,-3,-2
17,119,6,8,7,2,1
17,120,3,1,2,-2,-1
17,121,7,4,5,-3,-2
17,122,3,5,4,2,1
17,123,3,2,2,-1,-1
17,124,4,5,5,1,1
17,125,2,7,5,5,3
17,126,4,4,4,0,0
17,127,8,1,3,-7,-5
17,128,5,8,7,3,2
17,129,3,7,6,4,3
17,130,7,8,8,1,1
17,131,7,3,4,-4,-3
17,132,2,6,5,4,3
17,133,1,1,1,0,0
17,134,1,4,3,3,2
17,135,2,8,6,6,4
17,136,8,8,8,0,0
17,137,3,2,2,-1,-1
17,138,6,5,5,-1,-1
17,139,6,4,5,-2,-1
17,140,4,2,3,-2,-1
17,141,8,3,4,-5,-4
17,142,5,3,4,-2,-1
17,143,7,5,6,-2,-1
17,144,5,5,5,0,0
17,145,8,1,3,-7,-5
17,146,5,2,3,-3,-2
17,147,5,8,7,3,2
17,148,2,2,2,0,0
17,149,2,5,4,3,2
17,150,1,5,4,4,3
17,151,1,6,4,5,3
17,152,6,7,7,1,1
17,153,5,3,4,-2,-1
18,1,2,3,3,1,1
18,2,3,4,4,1,1
18,3,2,8,6,6,4
18,4,8,7,7,-1,-1
18,5,7,8,8,1,1
18,6,7,2,4,-5,-3
18,7,6,5,5,-1,-1
18,8,8,8,8,0,0
18,9,5,4,4,-1,-1
18,10,1,1,1,0,0
18,11,3,2,2,-1,-1
18,12,5,5,5,0,0
18,13,3,3,3,0,0
18,14,5,3,4,-2,-1
18,15,1,3,2,2,1
18,16,4,4,4,0,0
18,17,2,5,4,3,2
18,18,6,1,2,-5,-4
18,19,8,8,8,0,0
18,20,1,8,6,7,5
18,21,1,7,5,6,4
18,22,5,6,6,1,1
18,23,5,2,3,-3,-2
18,24,8,6,7,-2,-1
18,25,4,7,6,3,2
18,26,6,6,6,0,0
18,27,1,5,4,4,3
18,28,5,8,7,3,2
18,29,3,2,2,-1,-1
18,30,3,1,2,-2,-1
18,31,4,6,5,2,1
18,32,8,8,8,0,0
18,33,7,4,5,-3,-2
18,34,4,5,5,1,1
18,35,4,2,3,-2,-1
18,36,5,3,4,-2,-1
18,37,6,1,2,-5,-4
18,38,3,4,4,1,1
18,39,8,3,4,-5,-4
18,40,7,1,3,-6,-4
18,41,8,1,3,-7,-5
18,42,3,8,6,5,3
18,43,3,5,4,2,1
18,44,6,4,5,-2,-1
18,45,8,4,5,-4,-3
18,46,7,4,5,-3,-2
18,47,1,5,4,4,3
18,48,5,6,6,1,1
18,49,8,8,8,0,0
18,50,8,8,8,0,0
18,51,1,4,3,3,2
18,52,3,4,4,1,1
18,53,8,4,5,-4,-3
18,54,2,1,1,-1,-1
18,55,4,5,5,1,1
18,56,7,2,4,-5,-3
18,57,3,7,6,4,3
18,58,4,2,3,-2,-1
18,59,7,5,6,-2,-1
18,60,3,2,2,-1,-1
18,61,6,4,5,-2,-1
18,62,4,5,5,1,1
18,63,3,3,3,0,0
18,64,2,1,1,-1,-1
18,65,1,6,4,5,3
18,66,3,1,2,-2,-1
18,67,7,2,4,-5,-3
18,68,5,2,3,-3,-2
18,69,6,8,7,2,1
18,70,4,6,5,2,1
18,71,3,2,2,-1,-1
18,72,4,6,5,2,1
18,73,4,1,2,-3,-2
18,74,3,5,4,2,1
18,75,7,5,6,-2,-1
18,76,7,1,3,-6,-4
18,77,8,5,6,-3,-2
18,78,8,8,8,0,0
18,79,4,7,6,3,2
18,80,8,7,7,-1,-1
18,81,2,1,1,-1,-1
18,82,3,6,5,3,2
18,83,1,2,2,1,1
18,84,5,2,3,-3,-2
18,85,8,7,7,-1,-1
18,86,3,4,4,1,1
18,87,6,6,6,0,0
18,88,3,5,4,2,1
18,89,7,2,4,-5,-3
18,90,8,1,3,-7,-5
18,91,7,2,4,-5,-3
18,92,4,8,7,4,3
18,93,6,4,5,-2,-1
18,94,3,6,5,3,2
18,95,2,2,2,0,0
18,96,1,8,6,7,5
18,97,2,6,5,4,3
18,98,7,2,4,-5,-3
18,99,7,4,5,-3,-2
18,100,3,3,3,0,0
18,101,4,3,3,-1,-1
18,102,4,8,7,4,3
18,103,7,7,7,0,0
18,104,4,2,3,-2,-1
18,105,5,4,4,-1,-1
18,106,1,7,5,6,4
18,107,5,6,6,1,1
18,108,4,1,2,-3,-2
18,109,1,3,2,2,1
18,110,4,6,5,2,1
18,111,3,4,4,1,1
18,112,2,1,1,-1,-1
18,113,2,6,5,4,3
18,114,1,6,4,5,3
18,115,5,8,7,3,2
18,116,1,7,5,6,4
18,117,7,2,4,-5,-3
18,118,1,7,5,6,4
18,119,7,5,6,-2,-1
18,120,2,3,3,1,1
18,121,8,5,6,-3,-2
18,122,2,4,3,2,1
18,123,4,5,5,1,1
18,124,8,6,7,-2,-1
18,125,7,5,6,-2,-1
18,126,7,7,7,0,0
18,127,1,1,1,0,0
18,128,2,5,4,3,2
18,129,4,3,3,-1,-1
18,130,6,4,5,-2,-1
18,131,6,7,7,1,1
18,132,7,1,3,-6,-4
18,133,4,7,6,3,2
18,134,7,6,6,-1,-1
18,135,4,3,3,-1,-1
18,136,1,4,3,3,2
18,137,8,4,5,-4,-3
18,138,6,5,5,-1,-1
18,139,4,5,5,1,1
18,140,1,2,2,1,1
18,141,5,4,4,-1,-1
18,142,7,4,5,-3,-2
18,143,3,4,4,1,1
18,144,2,5,4,3,2
18,145,2,5,4,3,2
18,146,2,2,2,0,0
18,147,5,4,4,-1,-1
18,148,3,8,6,5,3
18,149,3,8,6,5,3
18,150,6,6,6,0,0
18,151,3,8,6,5,3
18,152,5,6,6,1,1
18,153,5,8,7,3,2
19,1,1,1,1,0,0
19,2,3,1,2,-2,-1
19,3,6,3,4,-3,-2
19,4,7,5,6,-2,-1
19,5,8,4,5,-4,-3
19,6,7,7,7,0,0
19,7,8,1,3,-7,-5
19,8,6,6,6,0,0
19,9,6,5,5,-1,-1
19,10,8,6,7,-2,-1
19,11,4,3,3,-1,-1
19,12,6,8,7,2,1
19,13,3,8,6,5,3
19,14,7,2,4,-5,-3
19,15,5,5,5,0,0
19,16,4,5,5,1,1
19,17,3,4,4,1,1
19,18,1,3,2,2,1
19,19,5,8,7,3,2
19,20,7,7,7,0,0
19,21,1,6,4,5,3
19,22,6,7,7,1,1
19,23,4,3,3,-1,-1
19,24,2,5,4,3,2
19,25,2,1,1,-1,-1
19,26,3,2,2,-1,-1
19,27,5,3,4,-2,-1
19,28,5,5,5,0,0
19,29,3,6,5,3,2
19,30,8,5,6,-3,-2
19,31,3,7,6,4,3
19,32,4,2,3,-2,-1
19,33,1,6,4,5,3
19,34,6,6,6,0,0
19,35,3,1,2,-2,-1
19,36,8,6,7,-2,-1
19,37,5,1,2,-4,-3
19,38,8,8,8,0,0
19,39,1,8,6,7,5
19,40,1,3,2,2,1
19,41,5,2,3,-3,-2
19,42,5,4,4,-1,-1
19,43,2,3,3,1,1
19,44,8,5,6,-3,-2
19,45,1,8,6,7,5
19,46,7,7,7,0,0
19,47,3,6,5,3,2
19,48,1,2,2,1,1
19,49,4,5,5,1,1
19,50,1,6,4,5,3
19,51,2,3,3,1,1
19,52,4,6,5,2,1
19,53,2,5,4,3,2
19,54,2,6,5,4,3
19,55,5,7,6,2,1
19,56,6,4,5,-2,-1
19,57,2,2,2,0,0
19,58,7,3,4,-4,-3
19,59,7,3,4,-4,-3
19,60,5,6,6,1,1
19,61,4,7,6,3,2
19,62,4,8,7,4,3
19,63,8,8,8,0,0
19,64,3,4,4,1,1
19,65,2,2,2,0,0
19,66,5,7,6,2,1
19,67,7,1,3,-6,-4
19,68,1,2,2,1,1
19,69,8,2,4,-6,-4
19,70,1,5,4,4,3
19,71,2,5,4,3,2
19,72,6,3,4,-3,-2
19,73,5,2,3,-3,-2
19,74,3,1,2,-2,-1
19,75,1,2,2,1,1
19,76,2,3,3,1,1
19,77,7,7,7,0,0
19,78,8,5,6,-3,-2
19,79,2,1,1,-1,-1
19,80,5,5,5,0,0
19,81,7,1,3,-6,-4
19,82,7,1,3,-6,-4
19,83,7,7,7,0,0
19,84,2,6,5,4,3
19,85,1,5,4,4,3
19,86,1,1,1,0,0
19,87,7,5,6,-2,-1
19,88,6,2,3,-4,-3
19,89,6,6,6,0,0
19,90,5,2,3,-3,-2
19,91,7,3,4,-4,-3
19,92,7,4,5,-3,-2
19,93,3,5,4,2,1
19,94,8,3,4,-5,-4
19,95,8,2,4,-6,-4
19,96,6,1,2,-5,-4
19,97,4,4,4,0,0
19,98,4,8,7,4,3
19,99,8,1,3,-7,-5
19,100,3,6,5,3,2
19,101,2,2,2,0,0
19,102,2,5,4,3,2
19,103,7,3,4,-4,-3
19,104,4,1,2,-3,-2
19,105,5,7,6,2,1
19,106,8,8,8,0,0
19,107,5,6,6,1,1
19,108,4,2,3,-2,-1
19,109,3,2,2,-1,-1
19,110,8,5,6,-3,-2
19,111,4,5,5,1,1
19,112,2,8,6,6,4
19,113,1,5,4,4,3
19,114,4,7,6,3,2
19,115,7,7,7,0,0
19,116,8,4,5,-4,-3
19,117,2,3,3,1,1
19,118,7,5,6,-2,-1
19,119,7,5,6,-2,-1
19,120,3,1,2,-2,-1
19,121,4,8,7,4,3
19,122,6,4,5,-2,-1
19,123,8,1,3,-7,-5
19,124,2,8,6,6,4
19,125,1,7,5,6,4
19,126,5,7,6,2,1
19,127,7,4,5,-3,-2
19,128,5,8,7,3,2
19,129,1,7,5,6,4
19,130,3,4,4,1,1
19,131,2,1,1,-1,-1
19,132,8,8,8,0,0
19,133,5,7,6,2,1
19,134,2,3,3,1,1
19,135,7,5,6,-2,-1
19,136,6,2,3,-4,-3
19,137,3,7,6,4,3
19,138,8,7,7,-1,-1
19,139,8,6,7,-2,-1
19,140,1,3,2,2,1
19,141,3,4,4,1,1
19,142,6,4,5,-2,-1
19,143,4,6,5,2,1
19,144,8,1,3,-7,-5
19,145,8,2,4,-6,-4
19,146,6,5,5,-1,-1
19,147,8,1,3,-7,-5
19,148,7,1,3,-6,-4
19,149,4,1,2,-3,-2
19,150,6,2,3,-4,-3
19,151,5,1,2,-4,-3
19,152,4,4,4,0,0
19,153,3,8,6,5,3
20,1,8,5,6,-3,-2
20,2,8,7,7,-1,-1
20,3,4,6,5,2,1
20,4,7,4,5,-3,-2
20,5,3,7,6,4,3
20,6,1,3,2,2,1
20,7,8,7,7,-1,-1
20,8,3,3,3,0,0
20,9,7,4,5,-3,-2
20,10,5,1,2,-4,-3
20,11,5,5,5,0,0
20,12,1,3,2,2,1
20,13,3,7,6,4,3
20,14,6,4,5,-2,-1
20,15,1,6,4,5,3
20,16,8,6,7,-2,-1
20,17,7,2,4,-5,-3
20,18,3,7,6,4,3
20,19,1,4,3,3,2
20,20,2,3,3,1,1
20,21,6,4,5,-2,-1
20,22,8,5,6,-3,-2
20,23,7,5,6,-2,-1
20,24,8,2,4,-6,-4
20,25,1,3,2,2,1
20,26,2,4,3,2,1
20,27,2,5,4,3,2
20,28,5,8,7,3,2
20,29,1,5,4,4,3
20,30,8,3,4,-5,-4
20,31,7,2,4,-5,-3
20,32,5,6,6,1,1
20,33,2,1,1,-1,-1
20,34,8,1,3,-7,-5
20,35,3,4,4,1,1
20,36,5,1,2,-4,-3
20,37,5,6,6,1,1
20,38,2,2,2,0,0
20,39,2,1,1,-1,-1
20,40,4,5,5,1,1
20,41,7,1,3,-6,-4
20,42,5,2,3,-3,-2
20,43,3,5,4,2,1
20,44,6,1,2,-5,-4
20,45,7,2,4,-5,-3
20,46,2,5,4,3,2
20,47,4,7,6,3,2
20,48,6,3,4,-3,-2
20,49,4,1,2,-3,-2
20,50,5,7,6,2,1
20,51,3,8,6,5,3
20,52,3,6,5,3,2
20,53,5,5,5,0,0
20,54,8,6,7,-2,-1
20,55,8,8,8,0,0
20,56,4,3,3,-1,-1
20,57,7,2,4,-5,-3
20,58,8,6,7,-2,-1
20,59,1,4,3,3,2
20,60,5,1,2,-4,-3
20,61,6,5,5,-1,-1
20,62,6,8,7,2,1
20,63,6,4,5,-2,-1
20,64,6,2,3,-4,-3
20,65,2,1,1,-1,-1
20,66,2,4,3,2,1
20,67,7,3,4,-4,-3
20,68,2,2,2,0,0
20,69,6,1,2,-5,-4
20,70,8,1,3,-7,-5
20,71,5,2,3,-3,-2
20,72,1,2,2,1,1
20,73,3,7,6,4,3
20,74,5,1,2,-4,-3
20,75,7,5,6,-2,-1
20,76,4,4,4,0,0
20,77,3,3,3,0,0
20,78,7,8,8,1,1
20,79,4,2,3,-2,-1
20,80,7,8,8,1,1
20,81,4,7,6,3,2
20,82,1,4,3,3,2
20,83,4,1,2,-3,-2
20,84,6,4,5,-2,-1
20,85,4,1,2,-3,-2
20,86,2,7,5,5,3
20,87,8,7,7,-1,-1
20,88,7,1,3,-6,-4
20,89,1,7,5,6,4
20,90,8,1,3,-7,-5
20,91,5,6,6,1,1
20,92,5,5,5,0,0
20,93,8,4,5,-4,-3
20,94,3,2,2,-1,-1
20,95,4,3,3,-1,-1
20,96,8,2,4,-6,-4
20,97,7,6,6,-1,-1
20,98,8,3,4,-5,-4
20,99,2,2,2,0,0
20,100,7,1,3,-6,-4
20,101,8,7,7,-1,-1
20,102,5,6,6,1,1
20,103,8,8,8,0,0
20,104,5,4,4,-1,-1
20,105,2,6,5,4,3
20,106,4,8,7,4,3
20,107,7,6,6,-1,-1
20,108,2,6,5,4,3
20,109,6,4,5,-2,-1
20,110,5,7,6,2,1
20,111,6,4,5,-2,-1
20,112,8,2,4,-6,-4
20,113,6,8,7,2,1
20,114,8,1,3,-7,-5
20,115,8,7,7,-1,-1
20,116,5,4,4,-1,-1
20,117,1,4,3,3,2
20,118,7,7,7,0,0
20,119,4,5,5,1,1
20,120,1,3,2,2,1
20,121,1,6,4,5,3
20,122,2,2,2,0,0
20,123,1,1,1,0,0
20,124,8,6,7,-2,-1
20,125,5,5,5,0,0
20,126,7,6,6,-1,-1
20,127,2,3,3,1,1
20,128,4,6,5,2,1
20,129,7,6,6,-1,-1
20,130,6,2,3,-4,-3
20,131,3,2,2,-1,-1
20,132,7,2,4,-5,-3
20,133,1,2,2,1,1
20,134,2,7,5,5,3
20,135,4,7,6,3,2
20,136,6,6,6,0,0
20,137,3,3,3,0,0
20,138,1,8,6,7,5
20,139,3,7,6,4,3
20,140,4,2,3,-2,-1
20,141,4,2,3,-2,-1
20,142,8,4,5,-4,-3
20,143,3,8,6,5,3
20,144,4,6,5,2,1
20,145,2,2,2,0,0
20,146,5,4,4,-1,-1
20,147,8,6,7,-2,-1
20,148,6,4,5,-2,-1
20,149,7,8,8,1,1
20,150,3,7,6,4,3
20,151,3,8,6,5,3
20,152,3,3,3,0,0
20,153,4,7,6,3,2
21,1,5,6,6,1,1
21,2,4,3,3,-1,-1
21,3,8,6,7,-2,-1
21,4,6,2,3,-4,-3
21,5,8,5,6,-3,-2
21,6,8,8,8,0,0
21,7,1,8,6,7,5
21,8,8,4,5,-4,-3
21,9,7,2,4,-5,-3
21,10,8,5,6,-3,-2
21,11,4,2,3,-2,-1
21,12,3,3,3,0,0
21,13,6,6,6,0,0
21,14,6,4,5,-2,-1
21,15,5,8,7,3,2
21,16,6,8,7,2,1
21,17,8,8,8,0,0
21,18,2,1,1,-1,-1
21,19,4,8,7,4,3
21,20,4,4,4,0,0
21,21,4,8,7,4,3
21,22,6,4,5,-2,-1
21,23,5,6,6,1,1
21,24,6,5,5,-1,-1
21,25,4,3,3,-1,-1
21,26,1,7,5,6,4
21,27,3,1,2,-2,-1
21,28,5,2,3,-3,-2
21,29,2,5,4,3,2
21,30,5,2,3,-3,-2
21,31,6,8,7,2,1
21,32,5,5,5,0,0
21,33,2,2,2,0,0
21,34,4,6,5,2,1
21,35,5,3,4,-2,-1
21,36,6,4,5,-2,-1
21,37,6,8,7,2,1
21,38,2,4,3,2,1
21,39,7,6,6,-1,-1
21,40,4,5,5,1,1
21,41,3,3,3,0,0
21,42,4,5,5,1,1
21,43,3,8,6,5,3
21,44,4,5,5,1,1
21,45,1,2,2,1,1
21,46,6,5,5,-1,-1
21,47,2,2,2,0,0
21,48,2,7,5,5,3
21,49,7,3,4,-4,-3
21,50,6,4,5,-2,-1
21,51,1,2,2,1,1
21,52,7,7,7,0,0
21,53,2,7,5,5,3
21,54,3,6,5,3,2
21,55,1,6,4,5,3
21,56,5,1,2,-4,-3
21,57,7,3,4,-4,-3
21,58,2,2,2,0,0
21,59,7,4,5,-3,-2
21,60,3,6,5,3,2
21,61,2,1,1,-1,-1
21,62,5,4,4,-1,-1
21,63,3,4,4,1,1
21,64,7,3,4,-4,-3
21,65,2,8,6,6,4
21,66,1,8,6,7,5
21,67,1,2,2,1,1
21,68,7,2,4,-5,-3
21,69,6,1,2,-5,-4
21,70,7,7,7,0,0
21,71,6,4,5,-2,-1
21,72,7,1,3,-6,-4
21,73,2,1,1,-1,-1
21,74,2,4,3,2,1
21,75,5,5,5,0,0
21,76,4,6,5,2,1
21,77,7,8,8,1,1
21,78,1,2,2,1,1
21,79,7,3,4,-4,-3
21,80,2,8,6,6,4
21,81,2,5,4,3,2
21,82,6,8,7,2,1
21,83,1,6,4,5,3
21,84,6,6,6,0,0
21,85,1,8,6,7,5
21,86,6,3,4,-3,-2
21,87,7,8,8,1,1
21,88,3,2,2,-1,-1
21,89,7,3,4,-4,-3
21,90,7,4,5,-3,-2
21,91,1,3,2,2,1
21,92,1,7,5,6,4
21,93,4,1,2,-3,-2
21,94,1,1,1,0,0
21,95,7,1,3,-6,-4
21,96,1,4,3,3,2
21,97,1,5,4,4,3
21,98,6,7,7,1,1
21,99,8,2,4,-6,-4
21,100,7,2,4,-5,-3
21,101,7,1,3,-6,-4
21,102,3,3,3,0,0
21,103,1,5,4,4,3
21,104,3,8,6,5,3
21,105,8,7,7,-1,-1
21,106,8,1,3,-7,-5
21,107,4,5,5,1,1
21,108,7,2,4,-5,-3
21,109,8,3,4,-5,-4
21,110,7,7,7,0,0
21,111,6,3,4,-3,-2
21,112,3,5,4,2,1
21,113,7,4,5,-3,-2
21,114,7,6,6,-1,-1
21,115,7,1,3,-6,-4
21,116,3,5,4,2,1
21,117,1,1,1,0,0
21,118,2,1,1,-1,-1
21,119,8,1,3,-7,-5
21,120,5,7,6,2,1
21,121,3,6,5,3,2
21,122,7,7,7,0,0
21,123,1,6,4,5,3
21,124,2,7,5,5,3
21,125,2,2,2,0,0
21,126,8,7,7,-1,-1
21,127,3,2,2,-1,-1
21,128,3,6,5,3,2
21,129,6,5,5,-1,-1
21,130,5,8,7,3,2
21,131,5,8,7,3,2
21,132,6,6,6,0,0
21,133,3,6,5,3,2
21,134,7,2,4,-5,-3
21,135,1,4,3,3,2
21,136,3,4,4,1,1
21,137,1,6,4,5,3
21,138,7,8,8,1,1
21,139,4,1,2,-3,-2
21,140,3,4,4,1,1
21,141,3,8,6,5,3
21,142,6,1,2,-5,-4
21,143,4,8,7,4,3
21,144,7,8,8,1,1
21,145,7,4,5,-3,-2
21,146,2,7,5,5,3
21,147,3,4,4,1,1
21,148,1,1,1,0,0
21,149,6,1,2,-5,-4
21,150,1,2,2,1,1
21,151,1,2,2,1,1
21,152,4,2,3,-2,-1
21,153,7,2,4,-5,-3
22,1,8,6,7,-2,-1
22,2,4,1,2,-3,-2
22,3,5,5,5,0,0
22,4,8,6,7,-2,-1
22,5,1,2,2,1,1
22,6,7,7,7,0,0
22,7,3,6,5,3,2
22,8,3,4,4,1,1
22,9,8,3,4,-5,-4
22,10,3,2,2,-1,-1
22,11,2,5,4,3,2
22,12,7,3,4,-4,-3
22,13,6,7,7,1,1
22,14,6,3,4,-3,-2
22,15,1,8,6,7,5
22,16,1,2,2,1,1
22,17,2,6,5,4,3
22,18,1,7,5,6,4
22,19,7,3,4,-4,-3
22,20,1,4,3,3,2
22,21,4,5,5,1,1
22,22,6,6,6,0,0
22,23,1,5,4,4,3
22,24,3,2,2,-1,-1
22,25,4,6,5,2,1
22,26,8,4,5,-4,-3
22,27,7,4,5,-3,-2
22,28,7,5,6,-2,-1
22,29,2,5,4,3,2
22,30,4,2,3,-2,-1
22,31,6,8,7,2,1
22,32,6,5,5,-1,-1
22,33,2,8,6,6,4
22,34,8,8,8,0,0
22,35,7,2,4,-5,-3
22,36,1,5,4,4,3
22,37,1,2,2,1,1
22,38,3,1,2,-2,-1
22,39,3,2,2,-1,-1
22,40,2,6,5,4,3
22,41,1,1,1,0,0
22,42,4,1,2,-3,-2
22,43,7,2,4,-5,-3
22,44,7,2,4,-5,-3
22,45,2,4,3,2,1
22,46,1,2,2,1,1
22,47,2,2,2,0,0
22,48,3,7,6,4,3
22,49,6,5,5,-1,-1
22,50,3,3,3,0,0
22,51,8,4,5,-4,-3
22,52,8,7,7,-1,-1
22,53,7,1,3,-6,-4
22,54,4,1,2,-3,-2
22,55,1,8,6,7,5
22,56,7,5,6,-2,-1
22,57,3,1,2,-2,-1
22,58,6,7,7,1,1
22,59,7,2,4,-5,-3
22,60,8,1,3,-7,-5
22,61,6,5,5,-1,-1
22,62,8,2,4,-6,-4
22,63,8,5,6,-3,-2
22,64,8,2,4,-6,-4
22,65,5,7,6,2,1
22,66,5,1,2,-4,-3
22,67,2,7,5,5,3
22,68,7,4,5,-3,-2
22,69,2,2,2,0,0
22,70,6,6,6,0,0
22,71,5,8,7,3,2
22,72,2,1,1,-1,-1
22,73,8,1,3,-7,-5
22,74,2,6,5,4,3
22,75,2,2,2,0,0
22,76,4,5,5,1,1
22,77,4,5,5,1,1
22,78,6,1,2,-5,-4
22,79,8,8,8,0,0
22,80,6,6,6,0,0
22,81,7,8,8,1,1
22,82,5,6,6,1,1
22,83,7,7,7,0,0
22,84,8,6,7,-2,-1
22,85,8,7,7,-1,-1
22,86,6,3,4,-3,-2
22,87,2,2,2,0,0
22,88,7,7,7,0,0
22,89,4,6,5,2,1
22,90,4,8,7,4,3
22,91,8,5,6,-3,-2
22,92,4,8,7,4,3
22,93,5,7,6,2,1
22,94,5,4,4,-1,-1
22,95,1,5,4,4,3
22,96,4,3,3,-1,-1
22,97,4,6,5,2,1
22,98,6,1,2,-5,-4
22,99,4,7,6,3,2
22,100,2,8,6,6,4
22,101,4,8,7,4,3
22,102,6,5,5,-1,-1
22,103,8,8,8,0,0
22,104,2,7,5,5,3
22,105,4,3,3,-1,-1
22,106,4,1,2,-3,-2
22,107,2,4,3,2,1
22,108,6,5,5,-1,-1
22,109,6,5,5,-1,-1
22,110,5,8,7,3,2
22,111,8,7,7,-1,-1
22,112,8,3,4,-5,-4
22,113,7,4,5,-3,-2
22,114,8,1,3,-7,-5
22,115,1,5,4,4,3
22,116,2,2,2,0,0
22,117,2,3,3,1,1
22,118,2,4,3,2,1
22,119,8,8,8,0,0
22,120,7,6,6,-1,-1
22,121,1,7,5,6,4
22,122,2,7,5,5,3
22,123,1,4,3,3,2
22,124,7,5,6,-2,-1
22,125,3,5,4,2,1
22,126,6,3,4,-3,-2
22,127,8,6,7,-2,-1
22,128,4,3,3,-1,-1
22,129,2,2,2,0,0
22,130,1,1,1,0,0
22,131,8,1,3,-7,-5
22,132,8,7,7,-1,-1
22,133,4,5,5,1,1
22,134,7,6,6,-1,-1
22,135,1,2,2,1,1
22,136,8,2,4,-6,-4
22,137,1,8,6,7,5
22,138,5,2,3,-3,-2
22,139,6,6,6,0,0
22,140,8,4,5,-4,-3
22,141,3,6,5,3,2
22,142,3,6,5,3,2
22,143,5,4,4,-1,-1
22,144,8,3,4,-5,-4
22,145,7,7,7,0,0
22,146,5,3,4,-2,-1
22,147,1,2,2,1,1
22,148,1,6,4,5,3
22,149,8,5,6,-3,-2
22,150,4,7,6,3,2
22,151,7,1,3,-6,-4
22,152,8,1,3,-7,-5
22,153,3,8,6,5,3
23,1,7,3,4,-4,-3
23,2,7,3,4,-4,-3
23,3,5,4,4,-1,-1
23,4,1,3,2,2,1
23,5,1,6,4,5,3
23,6,8,3,4,-5,-4
23,7,1,7,5,6,4
23,8,1,3,2,2,1
23,9,8,8,8,0,0
23,10,2,4,3,2,1
23,11,3,7,6,4,3
23,12,7,8,8,1,1
23,13,7,8,8,1,1
23,14,7,8,8,1,1
23,15,8,8,8,0,0
23,16,8,7,7,-1,-1
23,17,6,2,3,-4,-3
23,18,8,1,3,-7,-5
23,19,2,7,5,5,3
23,20,4,8,7,4,3
23,21,4,3,3,-1,-1
23,22,4,2,3,-2,-1
23,23,1,6,4,5,3
23,24,3,7,6,4,3
23,25,6,3,4,-3,-2
23,26,2,3,3,1,1
23,27,3,4,4,1,1
23,28,6,1,2,-5,-4
23,29,4,2,3,-2,-1
23,30,8,2,4,-6,-4
23,31,3,2,2,-1,-1
23,32,4,4,4,0,0
23,33,4,7,6,3,2
23,34,1,7,5,6,4
23,35,7,8,8,1,1
23,36,7,5,6,-2,-1
23,37,8,1,3,-7,-5
23,38,5,6,6,1,1
23,39,1,2,2,1,1
23,40,4,6,5,2,1
23,41,3,4,4,1,1
23,42,8,6,7,-2,-1
23,43,5,1,2,-4,-3
23,44,3,6,5,3,2
23,45,5,2,3,-3,-2
23,46,1,7,5,6,4
23,47,5,2,3,-3,-2
23,48,3,2,2,-1,-1
23,49,7,1,3,-6,-4
23,50,2,6,5,4,3
23,51,7,8,8,1,1
23,52,2,3,3,1,1
23,53,2,5,4,3,2
23,54,3,6,5,3,2
23,55,4,1,2,-3,-2
23,56,6,6,6,0,0
23,57,1,1,1,0,0
23,58,3,3,3,0,0
23,59,4,1,2,-3,-2
23,60,8,3,4,-5,-4
23,61,6,5,5,-1,-1
23,62,3,3,3,0,0
23,63,3,1,2,-2,-1
23,64,1,3,2,2,1
23,65,6,6,6,0,0
23,66,6,4,5,-2,-1
23,67,7,1,3,-6,-4
23,68,1,5,4,4,3
23,69,4,7,6,3,2
23,70,2,2,2,0,0
23,71,3,6,5,3,2
23,72,6,6,6,0,0
23,73,1,7,5,6,4
23,74,3,4,4,1,1
23,75,2,4,3,2,1
23,76,1,6,4,5,3
23,77,3,4,4,1,1
23,78,3,6,5,3,2
23,79,6,2,3,-4,-3
23,80,8,7,7,-1,-1
23,81,2,1,1,-1,-1
23,82,5,3,4,-2,-1
23,83,5,8,7,3,2
23,84,3,2,2,-1,-1
23,85,1,4,3,3,2
23,86,3,1,2,-2,-1
23,87,5,4,4,-1,-1
23,88,2,8,6,6,4
23,89,2,2,2,0,0
23,90,5,7,6,2,1
23,91,1,5,4,4,3
23,92,6,7,7,1,1
23,93,6,4,5,-2,-1
23,94,6,1,2,-5,-4
23,95,8,4,5,-4,-3
23,96,2,1,1,-1,-1
23,97,8,8,8,0,0
23,98,2,5,4,3,2
23,99,3,3,3,0,0
23,100,1,6,4,5,3
23,101,4,1,2,-3,-2
23,102,8,6,7,-2,-1
23,103,8,8,8,0,0
23,104,6,3,4,-3,-2
23,105,4,7,6,3,2
23,106,4,7,6,3,2
23,107,4,7,6,3,2
23,108,5,4,4,-1,-1
23,109,4,6,5,2,1
23,110,3,6,5,3,2
23,111,5,2,3,-3,-2
23,112,3,8,6,5,3
23,113,8,7,7,-1,-1
23,114,1,4,3,3,2
23,115,6,1,2,-5,-4
23,116,4,5,5,1,1
23,117,8,1,3,-7,-5
23,118,5,8,7,3,2
23,119,6,7,7,1,1
23,120,4,6,5,2,1
23,121,4,5,5,1,1
23,122,6,4,5,-2,-1
23,123,5,8,7,3,2
23,124,1,1,1,0,0
23,125,8,8,8,0,0
23,126,8,6,7,-2,-1
23,127,1,4,3,3,2
23,128,5,5,5,0,0
23,129,5,6,6,1,1
23,130,6,1,2,-5,-4
23,131,1,1,1,0,0
23,132,6,3,4,-3,-2
23,133,7,2,4,-5,-3
23,134,6,8,7,2,1
23,135,6,2,3,-4,-3
23,136,5,3,4,-2,-1
23,137,4,7,6,3,2
23,138,3,1,2,-2,-1
23,139,1,4,3,3,2
23,140,3,7,6,4,3
23,141,7,8,8,1,1
23,142,6,8,7,2,1
23,143,1,1,1,0,0
23,144,7,7,7,0,0
23,145,8,5,6,-3,-2
23,146,5,8,7,3,2
23,147,1,8,6,7,5
23,148,4,7,6,3,2
23,149,1,5,4,4,3
23,150,5,7,6,2,1
23,151,1,6,4,5,3
23,152,1,7,5,6,4
23,153,1,7,5,6,4
24,1,8,7,7,-1,-1
24,2,8,8,8,0,0
24,3,2,1,1,-1,-1
24,4,5,5,5,0,0
24,5,5,4,4,-1,-1
24,6,1,5,4,4,3
24,7,8,7,7,-1,-1
24,8,1,2,2,1,1
24,9,7,4,5,-3,-2
24,10,3,7,6,4,3
24,11,2,1,1,-1,-1
24,12,7,1,3,-6,-4
24,13,3,6,5,3,2
24,14,5,5,5,0,0
24,15,3,3,3,0,0
24,16,3,6,5,3,2
24,17,5,3,4,-2,-1
24,18,1,8,6,7,5
24,19,8,4,5,-4,-3
24,20,3,6,5,3,2
24,21,6,7,7,1,1
24,22,1,5,4,4,3
24,23,5,8,7,3,2
24,24,2,6,5,4,3
24,25,3,2,2,-1,-1
24,26,1,3,2,2,1
24,27,1,2,2,1,1
24,28,2,3,3,1,1
24,29,7,1,3,-6,-4
24,30,3,2,2,-1,-1
24,31,8,3,4,-5,-4
24,32,5,1,2,-4,-3
24,33,3,1,2,-2,-1
24,34,2,1,1,-1,-1
24,35,1,3,2,2,1
24,36,8,3,4,-5,-4
24,37,5,3,4,-2,-1
24,38,2,7,5,5,3
24,39,8,3,4,-5,-4
24,40,7,7,7,0,0
24,41,4,4,4,0,0
24,42,8,2,4,-6,-4
24,43,4,3,3,-1,-1
24,44,8,4,5,-4,-3
24,45,2,2,2,0,0
24,46,3,3,3,0,0
24,47,8,8,8,0,0
24,48,4,2,3,-2,-1
24,49,2,2,2,0,0
24,50,5,6,6,1,1
24,51,5,2,3,-3,-2
24,52,4,8,7,4,3
24,53,5,6,6,1,1
24,54,4,8,7,4,3
24,55,7,4,5,-3,-2
24,56,8,1,3,-7,-5
24,57,1,4,3,3,2
24,58,5,6,6,1,1
24,59,7,2,4,-5,-3
24,60,7,5,6,-2,-1
24,61,4,3,3,-1,-1
24,62,5,3,4,-2,-1
24,63,2,3,3,1,1
24,64,7,7,7,0,0
24,65,6,7,7,1,1
24,66,5,5,5,0,0
24,67,8,8,8,0,0
24,68,7,8,8,1,1
24,69,5,3,4,-2,-1
24,70,4,2,3,-2,-1
24,71,6,6,6,0,0
24,72,5,6,6,1,1
24,73,4,2,3,-2,-1
24,74,5,2,3,-3,-2
24,75,7,7,7,0,0
24,76,5,4,4,-1,-1
24,77,7,2,4,-5,-3
24,78,6,5,5,-1,-1
24,79,2,6,5,4,3
24,80,3,7,6,4,3
24,81,5,4,4,-1,-1
24,82,4,4,4,0,0
24,83,1,8,6,7,5
24,84,7,5,6,-2,-1
24,85,5,7,6,2,1
24,86,3,7,6,4,3
24,87,2,5,4,3,2
24,88,6,3,4,-3,-2
24,89,3,1,2,-2,-1
24,90,6,1,2,-5,-4
24,91,6,6,6,0,0
24,92,2,5,4,3,2
24,93,7,2,4,-5,-3
24,94,2,2,2,0,0
24,95,3,8,6,5,3
24,96,4,8,7,4,3
24,97,7,5,6,-2,-1
24,98,5,2,3,-3,-2
24,99,3,7,6,4,3
24,100,7,2,4,-5,-3
24,101,5,4,4,-1,-1
24,102,8,5,6,-3,-2
24,103,6,3,4,-3,-2
24,104,5,2,3,-3,-2
24,105,4,8,7,4,3
24,106,4,6,5,2,1
24,107,5,3,4,-2,-1
24,108,2,8,6,6,4
24,109,8,3,4,-5,-4
24,110,6,5,5,-1,-1
24,111,8,8,8,0,0
24,112,4,3,3,-1,-1
24,113,5,4,4,-1,-1
24,114,5,3,4,-2,-1
24,115,8,3,4,-5,-4
24,116,6,5,5,-1,-1
24,117,2,8,6,6,4
24,118,8,1,3,-7,-5
24,119,6,5,5,-1,-1
24,120,6,6,6,0,0
24,121,1,6,4,5,3
24,122,1,3,2,2,1
24,123,6,7,7,1,1
24,124,5,5,5,0,0
24,125,7,7,7,0,0
24,126,7,4,5,-3,-2
24,127,8,1,3,-7,-5
24,128,1,1,1,0,0
24,129,4,6,5,2,1
24,130,3,6,5,3,2
24,131,8,2,4,-6,-4
24,132,1,2,2,1,1
24,133,5,6,6,1,1
24,134,8,3,4,-5,-4
24,135,6,4,5,-2,-1
24,136,6,5,5,-1,-1
24,137,7,4,5,-3,-2
24,138,6,5,5,-1,-1
24,139,8,2,4,-6,-4
24,140,4,5,5,1,1
24,141,2,4,3,2,1
24,142,2,1,1,-1,-1
24,143,7,2,4,-5,-3
24,144,5,1,2,-4,-3
24,145,6,3,4,-3,-2
24,146,6,5,5,-1,-1
24,147,8,6,7,-2,-1
24,148,7,1,3,-6,-4
24,149,2,6,5,4,3
24,150,5,1,2,-4,-3
24,151,4,8,7,4,3
24,152,8,8,8,0,0
24,153,8,2,4,-6,-4
25,1,8,5,6,-3,-2
25,2,1,4,3,3,2
25,3,3,6,5,3,2
25,4,4,6,5,2,1
25,5,4,2,3,-2,-1
25,6,2,6,5,4,3
25,7,6,4,5,-2,-1
25,8,4,3,3,-1,-1
25,9,4,6,5,2,1
25,10,4,1,2,-3,-2
25,11,2,3,3,1,1
25,12,8,3,4,-5,-4
25,13,8,8,8,0,0
25,14,7,7,7,0,0
25,15,4,5,5,1,1
25,16,3,7,6,4,3
25,17,7,6,6,-1,-1
25,18,1,5,4,4,3
25,19,6,2,3,-4,-3
25,20,7,7,7,0,0
25,21,5,4,4,-1,-1
25,22,2,3,3,1,1
25,23,2,4,3,2,1
25,24,8,6,7,-2,-1
25,25,4,6,5,2,1
25,26,1,1,1,0,0
25,27,1,7,5,6,4
25,28,2,6,5,4,3
25,29,5,3,4,-2,-1
25,30,1,2,2,1,1
25,31,1,7,5,6,4
25,32,4,3,3,-1,-1
25,33,7,8,8,1,1
25,34,4,7,6,3,2
25,35,5,1,2,-4,-3
25,36,3,2,2,-1,-1
25,37,6,4,5,-2,-1
25,38,4,3,3,-1,-1
25,39,2,6,5,4,3
25,40,2,1,1,-1,-1
25,41,6,3,4,-3,-2
25,42,8,1,3,-7,-5
25,43,5,3,4,-2,-1
25,44,4,1,2,-3,-2
25,45,6,6,6,0,0
25,46,1,4,3,3,2
25,47,6,2,3,-4,-3
25,48,7,8,8,1,1
25,49,6,3,4,-3,-2
25,50,5,4,4,-1,-1
25,51,8,4,5,-4,-3
25,52,8,2,4,-6,-4
25,53,1,7,5,6,4
25,54,2,3,3,1,1
25,55,7,4,5,-3,-2
25,56,5,7,6,2,1
25,57,8,3,4,-5,-4
25,58,3,8,6,5,3
25,59,6,7,7,1,1
25,60,3,6,5,3,2
25,61,8,8,8,0,0
25,62,7,5,6,-2,-1
25,63,4,6,5,2,1
25,64,7,4,5,-3,-2
25,65,1,4,3,3,2
25,66,6,5,5,-1,-1
25,67,6,4,5,-2,-1
25,68,3,4,4,1,1
25,69,7,4,5,-3,-2
25,70,7,7,7,0,0
25,71,2,1,1,-1,-1
25,72,4,7,6,3,2
25,73,1,4,3,3,2
25,74,2,7,5,5,3
25,75,7,8,8,1,1
25,76,5,2,3,-3,-2
25,77,5,7,6,2,1
25,78,4,7,6,3,2
25,79,2,7,5,5,3
25,80,2,4,3,2,1
25,81,6,4,5,-2,-1
25,82,2,7,5,5,3
25,83,7,7,7,0,0
25,84,5,8,7,3,2
25,85,3,4,4,1,1
25,86,4,1,2,-3,-2
25,87,5,7,6,2,1
25,88,7,1,3,-6,-4
25,89,7,8,8,1,1
25,90,3,2,2,-1,-1
25,91,2,2,2,0,0
25,92,5,8,7,3,2
25,93,4,7,6,3,2
25,94,4,3,3,-1,-1
25,95,8,7,7,-1,-1
25,96,2,4,3,2,1
25,97,1,3,2,2,1
25,98,6,8,7,2,1
25,99,8,4,5,-4,-3
25,100,4,2,3,-2,-1
25,101,2,1,1,-1,-1
25,102,2,6,5,4,3
25,103,4,2,3,-2,-1
25,104,1,1,1,0,0
25,105,6,5,5,-1,-1
25,106,3,4,4,1,1
25,107,3,5,4,2,1
25,108,6,3,4,-3,-2
25,109,6,2,3,-4,-3
25,110,5,5,5,0,0
25,111,7,3,4,-4,-3
25,112,1,3,2,2,1
25,113,4,6,5,2,1
25,114,1,4,3,3,2
25,115,6,3,4,-3,-2
25,116,6,7,7,1,1
25,117,2,1,1,-1,-1
25,118,8,4,5,-4,-3
25,119,2,8,6,6,4
25,120,2,4,3,2,1
25,121,7,2,4,-5,-3
25,122,2,6,5,4,3
25,123,3,8,6,5,3
25,124,5,2,3,-3,-2
25,125,5,5,5,0,0
25,126,5,1,2,-4,-3
25,127,1,2,2,1,1
25,128,8,8,8,0,0
25,129,2,3,3,1,1
25,130,5,3,4,-2,-1
25,131,5,4,4,-1,-1
25,132,8,4,5,-4,-3
25,133,5,2,3,-3,-2
25,134,2,3,3,1,1
25,135,6,1,2,-5,-4
25,136,2,5,4,3,2
25,137,5,3,4,-2,-1
25,138,8,3,4,-5,-4
25,139,3,2,2,-1,-1
25,140,5,4,4,-1,-1
25,141,4,6,5,2,1
25,142,3,4,4,1,1
25,143,6,1,2,-5,-4
25,144,1,7,5,6,4
25,145,1,7,5,6,4
25,146,4,4,4,0,0
25,147,3,2,2,-1,-1
25,148,4,3,3,-1,-1
25,149,3,2,2,-1,-1
25,150,2,6,5,4,3
25,151,8,4,5,-4,-3
25,152,4,8,7,4,3
25,153,3,4,4,1,1
26,1,5,6,6,1,1
26,2,6,3,4,-3,-2
26,3,4,3,3,-1,-1
26,4,8,7,7,-1,-1
26,5,1,3,2,2,1
26,6,1,1,1,0,0
26,7,4,4,4,0,0
26,8,8,6,7,-2,-1
26,9,1,6,4,5,3
26,10,3,1,2,-2,-1
26,11,6,6,6,0,0
26,12,5,1,2,-4,-3
26,13,2,7,5,5,3
26,14,8,4,5,-4,-3
26,15,6,1,2,-5,-4
26,16,4,7,6,3,2
26,17,3,1,2,-2,-1
26,18,5,8,7,3,2
26,19,4,4,4,0,0
26,20,2,1,1,-1,-1
26,21,7,8,8,1,1
26,22,8,4,5,-4,-3
26,23,4,5,5,1,1
26,24,1,6,4,5,3
26,25,3,2,2,-1,-1
26,26,8,2,4,-6,-4
26,27,7,4,5,-3,-2
26,28,1,4,3,3,2
26,29,1,1,1,0,0
26,30,5,7,6,2,1
26,31,2,6,5,4,3
26,32,3,6,5,3,2
26,33,7,6,6,-1,-1
26,34,6,3,4,-3,-2
26,35,7,5,6,-2,-1
26,36,1,4,3,3,2
26,37,2,5,4,3,2
26,38,6,3,4,-3,-2
26,39,7,5,6,-2,-1
26,40,8,6,7,-2,-1
26,41,4,6,5,2,1
26,42,1,2,2,1,1
26,43,3,2,2,-1,-1
26,44,3,2,2,-1,-1
26,45,4,1,2,-3,-2
26,46,8,8,8,0,0
26,47,5,8,7,3,2
26,48,3,3,3,0,0
26,49,7,2,4,-5,-3
26,50,5,1,2,-4,-3
26,51,5,8,7,3,2
26,52,2,1,1,-1,-1
26,53,6,4,5,-2,-1
26,54,5,2,3,-3,-2
26,55,2,1,1,-1,-1
26,56,4,8,7,4,3
26,57,6,2,3,-4,-3
26,58,6,8,7,2,1
26,59,4,5,5,1,1
26,60,1,7,5,6,4
26,61,5,7,6,2,1
26,62,2,8,6,6,4
26,63,6,5,5,-1,-1
26,64,3,4,4,1,1
26,65,1,3,2,2,1
26,66,4,2,3,-2,-1
26,67,6,6,6,0,0
26,68,7,5,6,-2,-1
26,69,2,2,2,0,0
26,70,3,6,5,3,2
26,71,5,6,6,1,1
26,72,8,6,7,-2,-1
26,73,4,6,5,2,1
26,74,3,4,4,1,1
26,75,1,2,2,1,1
26,76,5,7,6,2,1
26,77,4,2,3,-2,-1
26,78,3,1,2,-2,-1
26,79,2,3,3,1,1
26,80,6,5,5,-1,-1
26,81,3,3,3,0,0
26,82,7,3,4,-4,-3
26,83,6,6,6,0,0
26,84,2,1,1,-1,-1
26,85,4,7,6,3,2
26,86,3,4,4,1,1
26,87,5,5,5,0,0
26,88,5,1,2,-4,-3
26,89,3,2,2,-1,-1
26,90,7,5,6,-2,-1
26,91,5,6,6,1,1
26,92,7,7,7,0,0
26,93,6,3,4,-3,-2
26,94,7,6,6,-1,-1
26,95,1,2,2,1,1
26,96,2,1,1,-1,-1
26,97,3,7,6,4,3
26,98,7,8,8,1,1
26,99,2,2,2,0,0
26,100,6,6,6,0,0
26,101,6,4,5,-2,-1
26,102,3,6,5,3,2
26,103,6,1,2,-5,-4
26,104,1,2,2,1,1
26,105,5,3,4,-2,-1
26,106,3,7,6,4,3
26,107,7,2,4,-5,-3
26,108,5,4,4,-1,-1
26,109,6,6,6,0,0
26,110,8,3,4,-5,-4
26,111,5,2,3,-3,-2
26,112,8,1,3,-7,-5
26,113,1,5,4,4,3
26,114,8,2,4,-6,-4
26,115,3,2,2,-1,-1
26,116,4,4,4,0,0
26,117,4,5,5,1,1
26,118,2,1,1,-1,-1
26,119,3,6,5,3,2
26,120,3,1,2,-2,-1
26,121,8,6,7,-2,-1
26,122,7,8,8,1,1
26,123,2,4,3,2,1
26,124,4,7,6,3,2
26,125,2,8,6,6,4
26,126,5,3,4,-2,-1
26,127,6,6,6,0,0
26,128,6,8,7,2,1
26,129,7,3,4,-4,-3
26,130,2,3,3,1,1
26,131,8,6,7,-2,-1
26,132,2,3,3,1,1
26,133,2,4,3,2,1
26,134,4,7,6,3,2
26,135,3,1,2,-2,-1
26,136,8,8,8,0,0
26,137,1,7,5,6,4
26,138,7,5,6,-2,-1
26,139,3,2,2,-1,-1
26,140,5,6,6,1,1
26,141,6,6,6,0,0
26,142,1,6,4,5,3
26,143,2,8,6,6,4
26,144,4,7,6,3,2
26,145,8,2,4,-6,-4
26,146,6,3,4,-3,-2
26,147,4,8,7,4,3
26,148,1,2,2,1,1
26,149,8,8,8,0,0
26,150,7,2,4,-5,-3
26,151,4,6,5,2,1
26,152,4,2,3,-2,-1
26,153,7,7,7,0,0
27,1,3,6,5,3,2
27,2,7,5,6,-2,-1
27,3,2,5,4,3,2
27,4,2,8,6,6,4
27,5,7,6,6,-1,-1
27,6,3,2,2,-1,-1
27,7,5,1,2,-4,-3
27,8,1,6,4,5,3
27,9,7,8,8,1,1
27,10,8,5,6,-3,-2
27,11,5,1,2,-4,-3
27,12,8,7,7,-1,-1
27,13,7,6,6,-1,-1
27,14,3,2,2,-1,-1
27,15,1,5,4,4,3
27,16,7,6,6,-1,-1
27,17,6,3,4,-3,-2
27,18,1,8,6,7,5
27,19,2,6,5,4,3
27,20,4,1,2,-3,-2
27,21,8,5,6,-3,-2
27,22,7,4,5,-3,-2
27,23,5,1,2,-4,-3
27,24,6,8,7,2,1
27,25,4,6,5,2,1
27,26,2,2,2,0,0
27,27,2,7,5,5,3
27,28,1,4,3,3,2
27,29,4,4,4,0,0
27,30,5,3,4,-2,-1
27,31,1,1,1,0,0
27,32,3,6,5,3,2
27,33,8,7,7,-1,-1
27,34,5,5,5,0,0
27,35,4,7,6,3,2
27,36,4,6,5,2,1
27,37,2,2,2,0,0
27,38,1,6,4,5,3
27,39,4,4,4,0,0
27,40,1,2,2,1,1
27,41,3,1,2,-2,-1
27,42,6,2,3,-4,-3
27,43,4,8,7,4,3
27,44,7,2,4,-5,-3
27,45,8,3,4,-5,-4
27,46,7,5,6,-2,-1
27,47,8,3,4,-5,-4
27,48,3,8,6,5,3
27,49,6,3,4,-3,-2
27,50,4,1,2,-3,-2
27,51,5,5,5,0,0
27,52,6,5,5,-1,-1
27,53,5,1,2,-4,-3
27,54,6,5,5,-1,-1
27,55,7,6,6,-1,-1
27,56,1,4,3,3,2
27,57,2,6,5,4,3
27,58,6,4,5,-2,-1
27,59,5,5,5,0,0
27,60,8,8,8,0,0
27,61,4,5,5,1,1
27,62,4,6,5,2,1
27,63,7,1,3,-6,-4
27,64,3,2,2,-1,-1
27,65,3,2,2,-1,-1
27,66,3,8,6,5,3
27,67,5,3,4,-2,-1
27,68,6,2,3,-4,-3
27,69,6,8,7,2,1
27,70,1,4,3,3,2
27,71,7,8,8,1,1
27,72,3,3,3,0,0
27,73,2,3,3,1,1
27,74,8,1,3,-7,-5
27,75,1,5,4,4,3
27,76,5,6,6,1,1
27,77,1,1,1,0,0
27,78,6,8,7,2,1
27,79,7,4,5,-3,-2
27,80,7,3,4,-4,-3
27,81,7,8,8,1,1
27,82,4,4,4,0,0
27,83,7,8,8,1,1
27,84,8,2,4,-6,-4
27,85,3,7,6,4,3
27,86,7,6,6,-1,-1
27,87,1,3,2,2,1
27,88,1,5,4,4,3
27,89,3,5,4,2,1
27,90,5,4,4,-1,-1
27,91,8,8,8,0,0
27,92,8,8,8,0,0
27,93,8,6,7,-2,-1
27,94,1,7,5,6,4
27,95,2,6,5,4,3
27,96,7,3,4,-4,-3
27,97,4,5,5,1,1
27,98,8,7,7,-1,-1
27,99,7,6,6,-1,-1
27,100,5,8,7,3,2
27,101,7,8,8,1,1
27,102,1,7,5,6,4
27,103,2,7,5,5,3
27,104,6,6,6,0,0
27,105,8,3,4,-5,-4
27,106,2,7,5,5,3
27,107,3,8,6,5,3
27,108,4,4,4,0,0
27,109,5,8,7,3,2
27,110,4,6,5,2,1
27,111,3,4,4,1,1
27,112,2,6,5,4,3
27,113,3,2,2,-1,-1
27,114,2,2,2,0,0
27,115,1,4,3,3,2
27,116,4,3,3,-1,-1
27,117,4,3,3,-1,-1
27,118,1,7,5,6,4
27,119,6,1,2,-5,-4
27,120,8,7,7,-1,-1
27,121,6,3,4,-3,-2
27,122,4,4,4,0,0
27,123,1,8,6,7,5
27,124,1,7,5,6,4
27,125,5,8,7,3,2
27,126,3,3,3,0,0
27,127,2,4,3,2,1
27,128,4,1,2,-3,-2
27,129,8,2,4,-6,-4
27,130,7,7,7,0,0
27,131,7,8,8,1,1
27,132,3,3,3,0,0
27,133,4,1,2,-3,-2
27,134,8,7,7,-1,-1
27,135,3,8,6,5,3
27,136,2,1,1,-1,-1
27,137,2,5,4,3,2
27,138,2,3,3,1,1
27,139,2,8,6,6,4
27,140,7,1,3,-6,-4
27,141,3,8,6,5,3
27,142,3,5,4,2,1
27,143,5,7,6,2,1
27,144,3,6,5,3,2
27,145,5,1,2,-4,-3
27,146,4,5,5,1,1
27,147,3,4,4,1,1
27,148,5,1,2,-4,-3
27,149,6,3,4,-3,-2
27,150,3,5,4,2,1
27,151,2,8,6,6,4
27,152,7,2,4,-5,-3
27,153,5,3,4,-2,-1
28,1,2,8,6,6,4
28,2,6,6,6,0,0
28,3,3,7,6,4,3
28,4,2,1,1,-1,-1
28,5,2,8,6,6,4
28,6,2,6,5,4,3
28,7,6,8,7,2,1
28,8,8,8,8,0,0
28,9,4,5,5,1,1
28,10,1,5,4,4,3
28,11,7,5,6,-2,-1
28,12,3,5,4,2,1
28,13,4,1,2,-3,-2
28,14,2,8,6,6,4
28,15,3,5,4,2,1
28,16,8,6,7,-2,-1
28,17,2,8,6,6,4
28,18,6,3,4,-3,-2
28,19,1,4,3,3,2
28,20,5,8,7,3,2
28,21,3,8,6,5,3
28,22,8,8,8,0,0
28,23,3,6,5,3,2
28,24,2,3,3,1,1
28,25,7,7,7,0,0
28,26,5,6,6,1,1
28,27,1,3,2,2,1
28,28,1,6,4,5,3
28,29,7,3,4,-4,-3
28,30,5,2,3,-3,-2
28,31,3,6,5,3,2
28,32,7,3,4,-4,-3
28,33,1,5,4,4,3
28,34,8,7,7,-1,-1
28,35,4,5,5,1,1
28,36,4,1,2,-3,-2
28,37,4,2,3,-2,-1
28,38,5,6,6,1,1
28,39,4,4,4,0,0
28,40,3,4,4,1,1
28,41,8,3,4,-5,-4
28,42,8,3,4,-5,-4
28,43,5,3,4,-2,-1
28,44,2,8,6,6,4
28,45,1,1,1,0,0
28,46,2,5,4,3,2
28,47,3,7,6,4,3
28,48,2,8,6,6,4
28,49,7,4,5,-3,-2
28,50,6,8,7,2,1
28,51,4,7,6,3,2
28,52,6,3,4,-3,-2
28,53,7,1,3,-6,-4
28,54,8,3,4,-5,-4
28,55,1,5,4,4,3
28,56,8,7,7,-1,-1
28,57,2,6,5,4,3
28,58,6,5,5,-1,-1
28,59,6,5,5,-1,-1
28,60,2,8,6,6,4
28,61,7,4,5,-3,-2
28,62,2,4,3,2,1
28,63,8,6,7,-2,-1
28,64,6,7,7,1,1
28,65,2,1,1,-1,-1
28,66,6,4,5,-2,-1
28,67,7,8,8,1,1
28,68,8,3,4,-5,-4
28,69,2,2,2,0,0
28,70,2,5,4,3,2
28,71,3,7,6,4,3
28,72,5,5,5,0,0
28,73,5,2,3,-3,-2
28,74,7,3,4,-4,-3
28,75,8,2,4,-6,-4
28,76,1,2,2,1,1
28,77,5,8,7,3,2
28,78,2,8,6,6,4
28,79,8,7,7,-1,-1
28,80,6,1,2,-5,-4
28,81,1,1,1,0,0
28,82,2,3,3,1,1
28,83,3,2,2,-1,-1
28,84,7,2,4,-5,-3
28,85,4,6,5,2,1
28,86,8,3,4,-5,-4
28,87,3,2,2,-1,-1
28,88,7,1,3,-6,-4
28,89,2,1,1,-1,-1
28,90,5,3,4,-2,-1
28,91,1,2,2,1,1
28,92,8,4,5,-4,-3
28,93,7,1,3,-6,-4
28,94,8,1,3,-7,-5
28,95,4,1,2,-3,-2
28,96,5,1,2,-4,-3
28,97,3,3,3,0,0
28,98,2,7,5,5,3
28,99,5,7,6,2,1
28,100,3,3,3,0,0
28,101,8,8,8,0,0
28,102,3,3,3,0,0
28,103,4,6,5,2,1
28,104,3,7,6,4,3
28,105,5,3,4,-2,-1
28,106,4,1,2,-3,-2
28,107,2,4,3,2,1
28,108,8,3,4,-5,-4
28,109,6,2,3,-4,-3
28,110,1,6,4,5,3
28,111,4,4,4,0,0
28,112,6,4,5,-2,-1
28,113,6,6,6,0,0
28,114,3,7,6,4,3
28,115,3,6,5,3,2
28,116,8,8,8,0,0
28,117,6,8,7,2,1
28,118,1,6,4,5,3
28,119,3,7,6,4,3
28,120,8,5,6,-3,-2
28,121,4,8,7,4,3
28,122,5,3,4,-2,-1
28,123,3,8,6,5,3
28,124,5,3,4,-2,-1
28,125,5,8,7,3,2
28,126,4,3,3,-1,-1
28,127,5,7,6,2,1
28,128,1,1,1,0,0
28,129,4,4,4,0,0
28,130,4,7,6,3,2
28,131,3,4,4,1,1
28,132,5,2,3,-3,-2
28,133,3,2,2,-1,-1
28,134,5,8,7,3,2
28,135,7,5,6,-2,-1
28,136,2,1,1,-1,-1
28,137,6,2,3,-4,-3
28,138,7,7,7,0,0
28,139,8,1,3,-7,-5
28,140,1,8,6,7,5
28,141,3,6,5,3,2
28,142,7,2,4,-5,-3
28,143,3,6,5,3,2
28,144,5,3,4,-2,-1
28,145,2,8,6,6,4
28,146,5,5,5,0,0
28,147,8,1,3,-7,-5
28,148,6,6,6,0,0
28,149,4,4,4,0,0
28,150,6,6,6,0,0
28,151,4,5,5,1,1
28,152,3,6,5,3,2
28,153,1,5,4,4,3
29,1,3,8,6,5,3
29,2,1,5,4,4,3
29,3,2,3,3,1,1
29,4,3,5,4,2,1
29,5,4,7,6,3,2
29,6,1,2,2,1,1
29,7,6,6,6,0,0
29,8,8,2,4,-6,-4
29,9,8,8,8,0,0
29,10,2,6,5,4,3
29,11,7,4,5,-3,-2
29,12,8,1,3,-7,-5
29,13,8,7,7,-1,-1
29,14,2,8,6,6,4
29,15,1,4,3,3,2
29,16,6,1,2,-5,-4
29,17,2,6,5,4,3
29,18,8,8,8,0,0
29,19,7,1,3,-6,-4
29,20,8,8,8,0,0
29,21,2,6,5,4,3
29,22,5,7,6,2,1
29,23,7,4,5,-3,-2
29,24,6,4,5,-2,-1
29,25,4,6,5,2,1
29,26,8,6,7,-2,-1
29,27,5,5,5,0,0
29,28,6,1,2,-5,-4
29,29,8,1,3,-7,-5
29,30,3,2,2,-1,-1
29,31,8,3,4,-5,-4
29,32,5,1,2,-4,-3
29,33,2,1,1,-1,-1
29,34,7,7,7,0,0
29,35,6,2,3,-4,-3
29,36,3,8,6,5,3
29,37,4,2,3,-2,-1
29,38,4,6,5,2,1
29,39,8,1,3,-7,-5
29,40,1,8,6,7,5
29,41,1,1,1,0,0
29,42,1,8,6,7,5
29,43,3,6,5,3,2
29,44,8,2,4,-6,-4
29,45,7,6,6,-1,-1
29,46,7,5,6,-2,-1
29,47,3,5,4,2,1
29,48,1,1,1,0,0
29,49,2,1,1,-1,-1
29,50,8,5,6,-3,-2
29,51,4,1,2,-3,-2
29,52,5,2,3,-3,-2
29,53,5,3,4,-2,-1
29,54,7,3,4,-4,-3
29,55,4,7,6,3,2
29,56,2,7,5,5,3
29,57,2,2,2,0,0
29,58,8,2,4,-6,-4
29,59,2,6,5,4,3
29,60,3,7,6,4,3
29,61,1,7,5,6,4
29,62,2,5,4,3,2
29,63,8,5,6,-3,-2
29,64,7,6,6,-1,-1
29,65,1,4,3,3,2
29,66,7,6,6,-1,-1
29,67,5,7,6,2,1
29,68,6,7,7,1,1
29,69,4,1,2,-3,-2
29,70,4,4,4,0,0
29,71,7,7,7,0,0
29,72,1,3,2,2,1
29,73,4,1,2,-3,-2
29,74,4,2,3,-2,-1
29,75,6,8,7,2,1
29,76,5,7,6,2,1
29,77,1,1,1,0,0
29,78,3,2,2,-1,-1
29,79,2,6,5,4,3
29,80,8,1,3,-7,-5
29,81,2,3,3,1,1
29,82,5,2,3,-3,-2
29,83,7,8,8,1,1
29,84,8,1,3,-7,-5
29,85,6,2,3,-4,-3
29,86,4,7,6,3,2
29,87,4,2,3,-2,-1
29,88,5,6,6,1,1
29,89,5,3,4,-2,-1
29,90,2,4,3,2,1
29,91,6,6,6,0,0
29,92,4,7,6,3,2
29,93,6,8,7,2,1
29,94,7,4,5,-3,-2
29,95,4,6,5,2,1
29,96,4,3,3,-1,-1
29,97,1,7,5,6,4
29,98,7,1,3,-6,-4
29,99,4,8,7,4,3
29,100,6,6,6,0,0
29,101,5,2,3,-3,-2
29,102,8,2,4,-6,-4
29,103,1,5,4,4,3
29,104,5,2,3,-3,-2
29,105,7,5,6,-2,-1
29,106,1,4,3,3,2
29,107,3,3,3,0,0
29,108,3,6,5,3,2
29,109,6,1,2,-5,-4
29,110,8,5,6,-3,-2
29,111,3,8,6,5,3
29,112,1,3,2,2,1
29,113,5,8,7,3,2
29,114,2,6,5,4,3
29,115,2,4,3,2,1
29,116,6,6,6,0,0
29,117,8,5,6,-3,-2
29,118,7,4,5,-3,-2
29,119,6,6,6,0,0
29,120,6,2,3,-4,-3
29,121,5,7,6,2,1
29,122,4,2,3,-2,-1
29,123,7,3,4,-4,-3
29,124,2,6,5,4,3
29,125,2,3,3,1,1
29,126,6,7,7,1,1
29,127,1,3,2,2,1
29,128,2,7,5,5,3
29,129,7,7,7,0,0
29,130,3,2,2,-1,-1
29,131,8,1,3,-7,-5
29,132,4,4,4,0,0
29,133,2,5,4,3,2
29,134,1,1,1,0,0
29,135,6,5,5,-1,-1
29,136,8,5,6,-3,-2
29,137,4,2,3,-2,-1
29,138,6,5,5,-1,-1
29,139,2,1,1,-1,-1
29,140,3,2,2,-1,-1
29,141,6,8,7,2,1
29,142,3,4,4,1,1
29,143,7,8,8,1,1
29,144,2,3,3,1,1
29,145,6,3,4,-3,-2
29,146,8,3,4,-5,-4
29,147,3,8,6,5,3
29,148,7,7,7,0,0
29,149,6,3,4,-3,-2
29,150,3,3,3,0,0
29,151,2,6,5,4,3
29,152,3,7,6,4,3
29,153,3,8,6,5,3
30,1,2,7,5,5,3
30,2,3,3,3,0,0
30,3,6,5,5,-1,-1
30,4,1,6,4,5,3
30,5,1,3,2,2,1
30,6,1,1,1,0,0
30,7,7,4,5,-3,-2
30,8,5,1,2,-4,-3
30,9,4,7,6,3,2
30,10,8,6,7,-2,-1
30,11,2,1,1,-1,-1
30,12,1,3,2,2,1
30,13,7,8,8,1,1
30,14,5,2,3,-3,-2
30,15,5,8,7,3,2
30,16,5,3,4,-2,-1
30,17,7,8,8,1,1
30,18,2,2,2,0,0
30,19,3,1,2,-2,-1
30,20,2,2,2,0,0
30,21,1,3,2,2,1
30,22,2,2,2,0,0
30,23,7,7,7,0,0
30,24,6,7,7,1,1
30,25,5,2,3,-3,-2
30,26,4,5,5,1,1
30,27,3,6,5,3,2
30,28,8,7,7,-1,-1
30,29,5,6,6,1,1
30,30,6,2,3,-4,-3
30,31,1,1,1,0,0
30,32,1,3,2,2,1
30,33,5,5,5,0,0
30,34,6,1,2,-5,-4
30,35,2,8,6,6,4
30,36,4,6,5,2,1
30,37,3,6,5,3,2
30,38,2,4,3,2,1
30,39,1,3,2,2,1
30,40,8,6,7,-2,-1
30,41,1,7,5,6,4
30,42,2,5,4,3,2
30,43,3,5,4,2,1
30,44,4,7,6,3,2
30,45,5,8,7,3,2
30,46,4,8,7,4,3
30,47,8,8,8,0,0
30,48,6,5,5,-1,-1
30,49,5,6,6,1,1
30,50,3,8,6,5,3
30,51,6,5,5,-1,-1
30,52,8,1,3,-7,-5
30,53,2,5,4,3,2
30,54,5,2,3,-3,-2
30,55,8,1,3,-7,-5
30,56,5,8,7,3,2
30,57,6,5,5,-1,-1
30,58,7,2,4,-5,-3
30,59,3,1,2,-2,-1
30,60,6,4,5,-2,-1
30,61,4,7,6,3,2
30,62,1,1,1,0,0
30,63,3,8,6,5,3
30,64,4,1,2,-3,-2
30,65,8,7,7,-1,-1
30,66,4,3,3,-1,-1
30,67,3,3,3,0,0
30,68,7,5,6,-2,-1
30,69,8,2,4,-6,-4
30,70,8,4,5,-4,-3
30,71,2,6,5,4,3
30,72,5,2,3,-3,-2
30,73,6,4,5,-2,-1
30,74,4,6,5,2,1
30,75,5,1,2,-4,-3
30,76,5,6,6,1,1
30,77,2,4,3,2,1
30,78,8,6,7,-2,-1
30,79,4,8,7,4,3
30,80,5,5,5,0,0
30,81,5,1,2,-4,-3
30,82,5,7,6,2,1
30,83,5,8,7,3,2
30,84,8,3,4,-5,-4
30,85,5,7,6,2,1
30,86,7,6,6,-1,-1
30,87,3,1,2,-2,-1
30,88,2,3,3,1,1
30,89,3,1,2,-2,-1
30,90,3,5,4,2,1
30,91,3,7,6,4,3
30,92,7,8,8,1,1
30,93,2,1,1,-1,-1
30,94,2,3,3,1,1
30,95,6,6,6,0,0
30,96,8,2,4,-6,-4
30,97,8,7,7,-1,-1
30,98,6,1,2,-5,-4
30,99,2,5,4,3,2
30,100,5,8,7,3,2
30,101,7,7,7,0,0
30,102,8,1,3,-7,-5
30,103,5,6,6,1,1
30,104,7,7,7,0,0
30,105,8,3,4,-5,-4
30,106,2,2,2,0,0
30,107,6,3,4,-3,-2
30,108,8,3,4,-5,-4
30,109,8,1,3,-7,-5
30,110,5,6,6,1,1
30,111,4,7,6,3,2
30,112,2,5,4,3,2
30,113,3,4,4,1,1
30,114,3,4,4,1,1
30,115,4,4,4,0,0
30,116,7,6,6,-1,-1
30,117,2,6,5,4,3
30,118,3,2,2,-1,-1
30,119,8,2,4,-6,-4
30,120,1,7,5,6,4
30,121,1,6,4,5,3
30,122,2,3,3,1,1
30,123,2,2,2,0,0
30,124,4,4,4,0,0
30,125,6,4,5,-2,-1
30,126,6,3,4,-3,-2
30,127,5,5,5,0,0
30,128,8,7,7,-1,-1
30,129,8,8,8,0,0
30,130,5,7,6,2,1
30,131,5,7,6,2,1
30,132,8,4,5,-4,-3
30,133,3,3,3,0,0
30,134,5,5,5,0,0
30,135,7,4,5,-3,-2
30,136,4,3,3,-1,-1
30,137,8,6,7,-2,-1
30,138,4,6,5,2,1
30,139,3,1,2,-2,-1
30,140,6,3,4,-3,-2
30,141,4,7,6,3,2
30,142,3,6,5,3,2
30,143,3,3,3,0,0
30,144,2,3,3,1,1
30,145,5,1,2,-4,-3
30,146,1,6,4,5,3
30,147,1,6,4,5,3
30,148,8,4,5,-4,-3
30,149,6,6,6,0,0
30,150,5,3,4,-2,-1
30,151,2,1,1,-1,-1
30,152,3,2,2,-1,-1
30,153,3,7,6,4,3
31,1,8,6,7,-2,-1
31,2,6,4,5,-2,-1
31,3,1,7,5,6,4
31,4,2,5,4,3,2
31,5,7,7,7,0,0
31,6,5,3,4,-2,-1
31,7,8,7,7,-1,-1
31,8,5,7,6,2,1
31,9,4,8,7,4,3
31,10,8,5,6,-3,-2
31,11,3,6,5,3,2
31,12,6,4,5,-2,-1
31,13,8,4,5,-4,-3
31,14,2,7,5,5,3
31,15,2,4,3,2,1
31,16,3,5,4,2,1
31,17,3,1,2,-2,-1
31,18,5,8,7,3,2
31,19,8,4,5,-4,-3
31,20,8,3,4,-5,-4
31,21,5,2,3,-3,-2
31,22,2,2,2,0,0
31,23,7,6,6,-1,-1
31,24,3,7,6,4,3
31,25,8,2,4,-6,-4
31,26,6,4,5,-2,-1
31,27,2,5,4,3,2
31,28,2,6,5,4,3
31,29,3,2,2,-1,-1
31,30,4,3,3,-1,-1
31,31,4,3,3,-1,-1
31,32,7,2,4,-5,-3
31,33,7,1,3,-6,-4
31,34,7,2,4,-5,-3
31,35,7,2,4,-5,-3
31,36,1,7,5,6,4
31,37,6,8,7,2,1
31,38,6,7,7,1,1
31,39,7,5,6,-2,-1
31,40,5,8,7,3,2
31,41,3,5,4,2,1
31,42,8,8,8,0,0
31,43,1,6,4,5,3
31,44,6,2,3,-4,-3
31,45,4,3,3,-1,-1
31,46,7,6,6,-1,-1
31,47,8,5,6,-3,-2
31,48,8,2,4,-6,-4
31,49,8,7,7,-1,-1
31,50,5,7,6,2,1
31,51,5,2,3,-3,-2
31,52,3,1,2,-2,-1
31,53,6,3,4,-3,-2
31,54,8,1,3,-7,-5
31,55,1,7,5,6,4
31,56,2,5,4,3,2
31,57,8,2,4,-6,-4
31,58,2,8,6,6,4
31,59,5,4,4,-1,-1
31,60,7,3,4,-4,-3
31,61,3,5,4,2,1
31,62,6,1,2,-5,-4
31,63,1,8,6,7,5
31,64,7,6,6,-1,-1
31,65,1,6,4,5,3
31,66,1,8,6,7,5
31,67,4,2,3,-2,-1
31,68,7,7,7,0,0
31,69,1,5,4,4,3
31,70,1,6,4,5,3
31,71,2,2,2,0,0
31,72,3,6,5,3,2
31,73,3,6,5,3,2
31,74,7,3,4,-4,-3
31,75,7,6,6,-1,-1
31,76,6,3,4,-3,-2
31,77,5,2,3,-3,-2
31,78,1,3,2,2,1
31,79,6,2,3,-4,-3
31,80,7,7,7,0,0
31,81,3,2,2,-1,-1
31,82,4,6,5,2,1
31,83,5,2,3,-3,-2
31,84,7,2,4,-5,-3
31,85,7,1,3,-6,-4
31,86,8,6,7,-2,-1
31,87,4,1,2,-3,-2
31,88,7,5,6,-2,-1
31,89,3,7,6,4,3
31,90,3,4,4,1,1
31,91,7,4,5,-3,-2
31,92,1,5,4,4,3
31,93,5,8,7,3,2
31,94,4,3,3,-1,-1
31,95,3,6,5,3,2
31,96,1,5,4,4,3
31,97,1,5,4,4,3
31,98,7,5,6,-2,-1
31,99,6,6,6,0,0
31,100,2,1,1,-1,-1
31,101,1,7,5,6,4
31,102,7,1,3,-6,-4
31,103,8,5,6,-3,-2
31,104,7,6,6,-1,-1
31,105,4,2,3,-2,-1
31,106,6,1,2,-5,-4
31,107,2,3,3,1,1
31,108,7,7,7,0,0
31,109,1,1,1,0,0
31,110,8,2,4,-6,-4
31,111,3,6,5,3,2
31,112,4,3,3,-1,-1
31,113,3,1,2,-2,-1
31,114,7,6,6,-1,-1
31,115,5,2,3,-3,-2
31,116,8,5,6,-3,-2
31,117,3,4,4,1,1
31,118,5,6,6,1,1
31,119,3,1,2,-2,-1
31,120,2,3,3,1,1
31,121,8,8,8,0,0
31,122,8,7,7,-1,-1
31,123,6,7,7,1,1
31,124,7,4,5,-3,-2
31,125,4,1,2,-3,-2
31,126,6,5,5,-1,-1
31,127,1,5,4,4,3
31,128,4,6,5,2,1
31,129,3,2,2,-1,-1
31,130,6,3,4,-3,-2
31,131,1,2,2,1,1
31,132,4,8,7,4,3
31,133,8,3,4,-5,-4
31,134,6,2,3,-4,-3
31,135,8,8,8,0,0
31,136,6,2,3,-4,-3
31,137,2,5,4,3,2
31,138,4,5,5,1,1
31,139,4,4,4,0,0
31,140,2,7,5,5,3
31,141,5,8,7,3,2
31,142,2,2,2,0,0
31,143,1,8,6,7,5
31,144,7,5,6,-2,-1
31,145,8,6,7,-2,-1
31,146,6,2,3,-4,-3
31,147,7,5,6,-2,-1
31,148,6,7,7,1,1
31,149,8,4,5,-4,-3
31,150,6,5,5,-1,-1
31,151,3,6,5,3,2
31,152,3,8,6,5,3
31,153,7,5,6,-2,-1
32,1,5,5,5,0,0
32,2,3,8,6,5,3
32,3,4,8,7,4,3
32,4,3,1,2,-2,-1
32,5,2,8,6,6,4
32,6,4,7,6,3,2
32,7,7,4,5,-3,-2
32,8,2,2,2,0,0
32,9,6,4,5,-2,-1
32,10,3,6,5,3,2
32,11,2,4,3,2,1
32,12,4,5,5,1,1
32,13,1,8,6,7,5
32,14,4,1,2,-3,-2
32,15,5,4,4,-1,-1
32,16,5,1,2,-4,-3
32,17,5,1,2,-4,-3
32,18,5,2,3,-3,-2
32,19,3,6,5,3,2
32,20,2,5,4,3,2
32,21,5,3,4,-2,-1
32,22,4,5,5,1,1
32,23,6,6,6,0,0
32,24,3,3,3,0,0
32,25,7,4,5,-3,-2
32,26,4,6,5,2,1
32,27,6,8,7,2,1
32,28,7,5,6,-2,-1
32,29,5,4,4,-1,-1
32,30,8,2,4,-6,-4
32,31,2,7,5,5,3
32,32,1,4,3,3,2
32,33,5,4,4,-1,-1
32,34,2,7,5,5,3
32,35,4,7,6,3,2
32,36,4,1,2,-3,-2
32,37,3,4,4,1,1
32,38,8,1,3,-7,-5
32,39,6,3,4,-3,-2
32,40,8,3,4,-5,-4
32,41,1,3,2,2,1
32,42,6,4,5,-2,-1
32,43,8,8,8,0,0
32,44,1,1,1,0,0
32,45,5,7,6,2,1
32,46,5,2,3,-3,-2
32,47,3,8,6,5,3
32,48,7,1,3,-6,-4
32,49,7,1,3,-6,-4
32,50,5,7,6,2,1
32,51,3,4,4,1,1
32,52,6,4,5,-2,-1
32,53,1,2,2,1,1
32,54,8,8,8,0,0
32,55,2,7,5,5,3
32,56,4,6,5,2,1
32,57,8,4,5,-4,-3
32,58,2,1,1,-1,-1
32,59,5,2,3,-3,-2
32,60,7,8,8,1,1
32,61,2,4,3,2,1
32,62,3,6,5,3,2
32,63,5,6,6,1,1
32,64,6,3,4,-3,-2
32,65,3,7,6,4,3
32,66,6,4,5,-2,-1
32,67,5,6,6,1,1
32,68,5,6,6,1,1
32,69,8,1,3,-7,-5
32,70,6,8,7,2,1
32,71,8,7,7,-1,-1
32,72,1,5,4,4,3
32,73,1,4,3,3,2
32,74,8,2,4,-6,-4
32,75,3,2,2,-1,-1
32,76,6,7,7,1,1
32,77,2,4,3,2,1
32,78,5,1,2,-4,-3
32,79,5,3,4,-2,-1
32,80,4,2,3,-2,-1
32,81,4,7,6,3,2
32,82,3,3,3,0,0
32,83,2,4,3,2,1
32,84,6,4,5,-2,-1
32,85,7,8,8,1,1
32,86,2,2,2,0,0
32,87,2,2,2,0,0
32,88,2,2,2,0,0
32,89,6,3,4,-3,-2
32,90,7,2,4,-5,-3
32,91,3,1,2,-2,-1
32,92,1,3,2,2,1
32,93,5,2,3,-3,-2
32,94,8,1,3,-7,-5
32,95,3,1,2,-2,-1
32,96,8,2,4,-6,-4
32,97,2,6,5,4,3
32,98,5,8,7,3,2
32,99,6,8,7,2,1
32,100,1,6,4,5,3
32,101,7,2,4,-5,-3
32,102,2,6,5,4,3
32,103,7,1,3,-6,-4
32,104,8,4,5,-4,-3
32,105,8,6,7,-2,-1
32,106,2,1,1,-1,-1
32,107,8,4,5,-4,-3
32,108,1,1,1,0,0
32,109,7,8,8,1,1
32,110,3,2,2,-1,-1
32,111,2,5,4,3,2
32,112,5,6,6,1,1
32,113,6,8,7,2,1
32,114,3,6,5,3,2
32,115,2,4,3,2,1
32,116,5,1,2,-4,-3
32,117,8,8,8,0,0
32,118,1,6,4,5,3
32,119,6,3,4,-3,-2
32,120,1,5,4,4,3
32,121,8,8,8,0,0
32,122,3,8,6,5,3
32,123,2,4,3,2,1
32,124,5,6,6,1,1
32,125,5,8,7,3,2
32,126,2,1,1,-1,-1
32,127,2,2,2,0,0
32,128,2,1,1,-1,-1
32,129,7,5,6,-2,-1
32,130,5,8,7,3,2
32,131,4,7,6,3,2
32,132,7,4,5,-3,-2
32,133,5,6,6,1,1
32,134,2,2,2,0,0
32,135,2,4,3,2,1
32,136,6,2,3,-4,-3
32,137,5,2,3,-3,-2
32,138,6,6,6,0,0
32,139,4,2,3,-2,-1
32,140,4,6,5,2,1
32,141,6,7,7,1,1
32,142,5,7,6,2,1
32,143,6,5,5,-1,-1
32,144,1,8,6,7,5
32,145,3,6,5,3,2
32,146,3,6,5,3,2
32,147,2,3,3,1,1
32,148,2,8,6,6,4
32,149,5,3,4,-2,-1
32,150,3,4,4,1,1
32,151,2,7,5,5,3
32,152,6,6,6,0,0
32,153,8,5,6,-3,-2
33,1,2,1,1,-1,-1
33,2,4,4,4,0,0
33,3,6,8,7,2,1
33,4,2,6,5,4,3
33,5,6,8,7,2,1
33,6,8,2,4,-6,-4
33,7,8,7,7,-1,-1
33,8,7,4,5,-3,-2
33,9,3,4,4,1,1
33,10,5,5,5,0,0
33,11,8,3,4,-5,-4
33,12,5,1,2,-4,-3
33,13,7,5,6,-2,-1
33,14,7,2,4,-5,-3
33,15,6,5,5,-1,-1
33,16,1,6,4,5,3
33,17,7,5,6,-2,-1
33,18,4,1,2,-3,-2
33,19,7,6,6,-1,-1
33,20,5,4,4,-1,-1
33,21,4,7,6,3,2
33,22,8,8,8,0,0
33,23,4,7,6,3,2
33,24,4,8,7,4,3
33,25,7,5,6,-2,-1
33,26,3,1,2,-2,-1
33,27,7,7,7,0,0
33,28,3,6,5,3,2
33,29,1,3,2,2,1
33,30,1,7,5,6,4
33,31,5,8,7,3,2
33,32,2,6,5,4,3
33,33,4,4,4,0,0
33,34,4,1,2,-3,-2
33,35,5,4,4,-1,-1
33,36,8,4,5,-4,-3
33,37,5,1,2,-4,-3
33,38,6,6,6,0,0
33,39,1,2,2,1,1
33,40,3,6,5,3,2
33,41,7,3,4,-4,-3
33,42,3,7,6,4,3
33,43,2,5,4,3,2
33,44,1,7,5,6,4
33,45,4,6,5,2,1
33,46,3,8,6,5,3
33,47,8,3,4,-5,-4
33,48,4,3,3,-1,-1
33,49,2,7,5,5,3
33,50,7,3,4,-4,-3
33,51,7,4,5,-3,-2
33,52,5,5,5,0,0
33,53,8,7,7,-1,-1
33,54,8,3,4,-5,-4
33,55,4,2,3,-2,-1
33,56,3,1,2,-2,-1
33,57,5,4,4,-1,-1
33,58,7,3,4,-4,-3
33,59,6,1,2,-5,-4
33,60,7,1,3,-6,-4
33,61,3,1,2,-2,-1
33,62,5,8,7,3,2
33,63,1,3,2,2,1
33,64,8,3,4,-5,-4
33,65,2,6,5,4,3
33,66,1,6,4,5,3
33,67,8,7,7,-1,-1
33,68,6,5,5,-1,-1
33,69,7,7,7,0,0
33,70,8,1,3,-7,-5
33,71,4,2,3,-2,-1
33,72,8,7,7,-1,-1
33,73,7,6,6,-1,-1
33,74,5,3,4,-2,-1
33,75,6,3,4,-3,-2
33,76,2,8,6,6,4
33,77,3,7,6,4,3
33,78,1,7,5,6,4
33,79,2,1,1,-1,-1
33,80,4,1,2,-3,-2
33,81,3,2,2,-1,-1
33,82,7,6,6,-1,-1
33,83,4,7,6,3,2
33,84,2,3,3,1,1
33,85,6,6,6,0,0
33,86,5,4,4,-1,-1
33,87,1,8,6,7,5
33,88,4,1,2,-3,-2
33,89,1,2,2,1,1
33,90,3,8,6,5,3
33,91,2,5,4,3,2
33,92,8,7,7,-1,-1
33,93,4,8,7,4,3
33,94,5,8,7,3,2
33,95,4,3,3,-1,-1
33,96,3,1,2,-2,-1
33,97,1,7,5,6,4
33,98,7,1,3,-6,-4
33,99,2,7,5,5,3
33,100,3,6,5,3,2
33,101,3,7,6,4,3
33,102,7,1,3,-6,-4
33,103,1,7,5,6,4
33,104,5,2,3,-3,-2
33,105,8,7,7,-1,-1
33,106,5,1,2,-4,-3
33,107,1,2,2,1,1
33,108,1,1,1,0,0
33,109,8,8,8,0,0
33,110,7,1,3,-6,-4
33,111,4,1,2,-3,-2
33,112,2,2,2,0,0
33,113,3,8,6,5,3
33,114,5,5,5,0,0
33,115,6,4,5,-2,-1
33,116,4,2,3,-2,-1
33,117,3,8,6,5,3
33,118,6,5,5,-1,-1
33,119,8,4,5,-4,-3
33,120,4,3,3,-1,-1
33,121,6,1,2,-5,-4
33,122,3,6,5,3,2
33,123,1,4,3,3,2
33,124,6,7,7,1,1
33,125,8,6,7,-2,-1
33,126,3,3,3,0,0
33,127,1,7,5,6,4
33,128,7,6,6,-1,-1
33,129,1,2,2,1,1
33,130,6,2,3,-4,-3
33,131,4,5,5,1,1
33,132,7,5,6,-2,-1
33,133,8,8,8,0,0
33,134,7,2,4,-5,-3
33,135,4,8,7,4,3
33,136,8,8,8,0,0
33,137,5,7,6,2,1
33,138,2,5,4,3,2
33,139,1,7,5,6,4
33,140,7,2,4,-5,-3
33,141,3,5,4,2,1
33,142,4,2,3,-2,-1
33,143,8,1,3,-7,-5
33,144,8,3,4,-5,-4
33,145,3,6,5,3,2
33,146,8,8,8,0,0
33,147,7,8,8,1,1
33,148,5,2,3,-3,-2
33,149,4,8,7,4,3
33,150,7,7,7,0,0
33,151,7,4,5,-3,-2
33,152,6,1,2,-5,-4
33,153,2,8,6,6,4
34,1,4,7,6,3,2
34,2,4,8,7,4,3
34,3,7,5,6,-2,-1
34,4,5,8,7,3,2
34,5,6,3,4,-3,-2
34,6,7,1,3,-6,-4
34,7,3,2,2,-1,-1
34,8,4,8,7,4,3
34,9,3,6,5,3,2
34,10,1,5,4,4,3
34,11,8,6,7,-2,-1
34,12,6,4,5,-2,-1
34,13,8,5,6,-3,-2
34,14,6,3,4,-3,-2
34,15,7,3,4,-4,-3
34,16,3,6,5,3,2
34,17,1,1,1,0,0
34,18,6,7,7,1,1
34,19,1,2,2,1,1
34,20,7,7,7,0,0
34,21,5,3,4,-2,-1
34,22,3,8,6,5,3
34,23,6,7,7,1,1
34,24,2,6,5,4,3
34,25,5,7,6,2,1
34,26,5,4,4,-1,-1
34,27,8,5,6,-3,-2
34,28,7,5,6,-2,-1
34,29,2,7,5,5,3
34,30,4,8,7,4,3
34,31,6,4,5,-2,-1
34,32,2,6,5,4,3
34,33,2,2,2,0,0
34,34,2,8,6,6,4
34,35,6,8,7,2,1
34,36,3,2,2,-1,-1
34,37,1,4,3,3,2
34,38,5,5,5,0,0
34,39,1,8,6,7,5
34,40,5,1,2,-4,-3
34,41,3,4,4,1,1
34,42,7,8,8,1,1
34,43,8,5,6,-3,-2
34,44,8,7,7,-1,-1
34,45,4,5,5,1,1
34,46,7,6,6,-1,-1
34,47,5,8,7,3,2
34,48,7,5,6,-2,-1
34,49,1,1,1,0,0
34,50,1,3,2,2,1
34,51,4,4,4,0,0
34,52,8,5,6,-3,-2
34,53,8,2,4,-6,-4
34,54,3,5,4,2,1
34,55,3,6,5,3,2
34,56,7,4,5,-3,-2
34,57,7,4,5,-3,-2
34,58,5,2,3,-3,-2
34,59,1,6,4,5,3
34,60,4,1,2,-3,-2
34,61,4,6,5,2,1
34,62,6,8,7,2,1
34,63,7,2,4,-5,-3
34,64,8,3,4,-5,-4
34,65,7,1,3,-6,-4
34,66,2,7,5,5,3
34,67,3,6,5,3,2
34,68,5,6,6,1,1
34,69,8,7,7,-1,-1
34,70,1,4,3,3,2
34,71,2,1,1,-1,-1
34,72,3,4,4,1,1
34,73,4,5,5,1,1
34,74,4,2,3,-2,-1
34,75,7,5,6,-2,-1
34,76,7,5,6,-2,-1
34,77,1,8,6,7,5
34,78,3,2,2,-1,-1
34,79,7,1,3,-6,-4
34,80,8,3,4,-5,-4
34,81,8,7,7,-1,-1
34,82,8,4,5,-4,-3
34,83,7,1,3,-6,-4
34,84,2,3,3,1,1
34,85,3,3,3,0,0
34,86,5,2,3,-3,-2
34,87,4,3,3,-1,-1
34,88,1,8,6,7,5
34,89,4,1,2,-3,-2
34,90,7,2,4,-5,-3
34,91,3,1,2,-2,-1
34,92,2,1,1,-1,-1
34,93,7,4,5,-3,-2
34,94,4,1,2,-3,-2
34,95,7,3,4,-4,-3
34,96,4,7,6,3,2
34,97,7,6,6,-1,-1
34,98,4,7,6,3,2
34,99,1,3,2,2,1
34,100,5,6,6,1,1
34,101,8,6,7,-2,-1
34,102,4,8,7,4,3
34,103,7,2,4,-5,-3
34,104,7,4,5,-3,-2
34,105,3,3,3,0,0
34,106,8,3,4,-5,-4
34,107,2,2,2,0,0
34,108,6,2,3,-4,-3
34,109,5,4,4,-1,-1
34,110,6,2,3,-4,-3
34,111,6,8,7,2,1
34,112,2,3,3,1,1
34,113,7,5,6,-2,-1
34,114,7,2,4,-5,-3
34,115,5,5,5,0,0
34,116,8,7,7,-1,-1
34,117,5,1,2,-4,-3
34,118,8,1,3,-7,-5
34,119,7,8,8,1,1
34,120,6,8,7,2,1
34,121,7,8,8,1,1
34,122,5,7,6,2,1
34,123,1,4,3,3,2
34,124,4,3,3,-1,-1
34,125,2,3,3,1,1
34,126,4,4,4,0,0
34,127,3,5,4,2,1
34,128,5,1,2,-4,-3
34,129,5,7,6,2,1
34,130,4,5,5,1,1
34,131,1,2,2,1,1
34,132,1,7,5,6,4
34,133,2,2,2,0,0
34,134,8,7,7,-1,-1
34,135,3,6,5,3,2
34,136,4,3,3,-1,-1
34,137,5,5,5,0,0
34,138,7,2,4,-5,-3
34,139,2,1,1,-1,-1
34,140,2,1,1,-1,-1
34,141,2,6,5,4,3
34,142,8,7,7,-1,-1
34,143,3,5,4,2,1
34,144,7,3,4,-4,-3
34,145,6,5,5,-1,-1
34,146,5,3,4,-2,-1
34,147,3,7,6,4,3
34,148,4,5,5,1,1
34,149,3,4,4,1,1
34,150,7,6,6,-1,-1
34,151,2,7,5,5,3
34,152,3,2,2,-1,-1
34,153,3,2,2,-1,-1
35,1,2,5,4,3,2
35,2,1,8,6,7,5
35,3,6,2,3,-4,-3
35,4,3,6,5,3,2
35,5,4,6,5,2,1
35,6,1,2,2,1,1
35,7,7,8,8,1,1
35,8,8,5,6,-3,-2
35,9,5,4,4,-1,-1
35,10,7,3,4,-4,-3
35,11,2,4,3,2,1
35,12,8,6,7,-2,-1
35,13,2,5,4,3,2
35,14,8,6,7,-2,-1
35,15,6,2,3,-4,-3
35,16,4,8,7,4,3
35,17,2,7,5,5,3
35,18,8,8,8,0,0
35,19,2,8,6,6,4
35,20,4,4,4,0,0
35,21,2,4,3,2,1
35,22,4,4,4,0,0
35,23,1,7,5,6,4
35,24,8,5,6,-3,-2
35,25,8,2,4,-6,-4
35,26,5,7,6,2,1
35,27,8,6,7,-2,-1
35,28,7,1,3,-6,-4
35,29,5,3,4,-2,-1
35,30,1,5,4,4,3
35,31,7,3,4,-4,-3
35,32,3,8,6,5,3
35,33,6,6,6,0,0
35,34,2,7,5,5,3
35,35,5,3,4,-2,-1
35,36,5,5,5,0,0
35,37,4,4,4,0,0
35,38,6,7,7,1,1
35,39,1,1,1,0,0
35,40,5,1,2,-4,-3
35,41,2,1,1,-1,-1
35,42,2,2,2,0,0
35,43,1,2,2,1,1
35,44,3,1,2,-2,-1
35,45,7,1,3,-6,-4
35,46,7,2,4,-5,-3
35,47,5,6,6,1,1
35,48,7,8,8,1,1
35,49,4,6,5,2,1
35,50,4,4,4,0,0
35,51,8,7,7,-1,-1
35,52,3,6,5,3,2
35,53,2,5,4,3,2
35,54,1,7,5,6,4
35,55,3,4,4,1,1
35,56,8,1,3,-7,-5
35,57,7,3,4,-4,-3
35,58,1,6,4,5,3
35,59,2,7,5,5,3
35,60,5,2,3,-3,-2
35,61,6,4,5,-2,-1
35,62,8,1,3,-7,-5
35,63,8,6,7,-2,-1
35,64,3,4,4,1,1
35,65,2,5,4,3,2
35,66,7,7,7,0,0
35,67,4,6,5,2,1
35,68,4,3,3,-1,-1
35,69,7,4,5,-3,-2
35,70,3,4,4,1,1
35,71,6,7,7,1,1
35,72,8,1,3,-7,-5
35,73,7,4,5,-3,-2
35,74,3,6,5,3,2
35,75,8,5,6,-3,-2
35,76,8,7,7,-1,-1
35,77,1,6,4,5,3
35,78,5,5,5,0,0
35,79,6,3,4,-3,-2
35,80,2,2,2,0,0
35,81,1,7,5,6,4
35,82,6,4,5,-2,-1
35,83,1,3,2,2,1
35,84,6,4,5,-2,-1
35,85,2,7,5,5,3
35,86,7,1,3,-6,-4
35,87,8,6,7,-2,-1
35,88,6,4,5,-2,-1
35,89,8,4,5,-4,-3
35,90,6,7,7,1,1
35,91,6,4,5,-2,-1
35,92,7,7,7,0,0
35,93,6,3,4,-3,-2
35,94,6,4,5,-2,-1
35,95,5,3,4,-2,-1
35,96,3,5,4,2,1
35,97,5,4,4,-1,-1
35,98,3,1,2,-2,-1
35,99,6,7,7,1,1
35,100,7,2,4,-5,-3
35,101,6,3,4,-3,-2
35,102,5,4,4,-1,-1
35,103,3,7,6,4,3
35,104,3,3,3,0,0
35,105,3,1,2,-2,-1
35,106,4,5,5,1,1
35,107,3,7,6,4,3
35,108,4,5,5,1,1
35,109,7,5,6,-2,-1
35,110,2,6,5,4,3
35,111,1,1,1,0,0
35,112,8,6,7,-2,-1
35,113,5,4,4,-1,-1
35,114,7,3,4,-4,-3
35,115,8,1,3,-7,-5
35,116,4,4,4,0,0
35,117,4,2,3,-2,-1
35,118,6,3,4,-3,-2
35,119,4,2,3,-2,-1
35,120,8,3,4,-5,-4
35,121,3,3,3,0,0
35,122,6,8,7,2,1
35,123,3,5,4,2,1
35,124,4,8,7,4,3
35,125,2,3,3,1,1
35,126,2,3,3,1,1
35,127,2,2,2,0,0
35,128,1,4,3,3,2
35,129,4,5,5,1,1
35,130,6,3,4,-3,-2
35,131,5,2,3,-3,-2
35,132,3,6,5,3,2
35,133,3,5,4,2,1
35,134,6,2,3,-4,-3
35,135,5,3,4,-2,-1
35,136,7,8,8,1,1
35,137,8,1,3,-7,-5
35,138,8,3,4,-5,-4
35,139,5,2,3,-3,-2
35,140,8,7,7,-1,-1
35,141,4,6,5,2,1
35,142,6,3,4,-3,-2
35,143,3,8,6,5,3
35,144,1,5,4,4,3
35,145,3,7,6,4,3
35,146,1,3,2,2,1
35,147,4,8,7,4,3
35,148,6,6,6,0,0
35,149,1,5,4,4,3
35,150,2,4,3,2,1
35,151,5,4,4,-1,-1
35,152,6,4,5,-2,-1
35,153,1,6,4,5,3
36,1,2,5,4,3,2
36,2,4,6,5,2,1
36,3,8,7,7,-1,-1
36,4,5,4,4,-1,-1
36,5,2,3,3,1,1
36,6,6,4,5,-2,-1
36,7,1,6,4,5,3
36,8,1,6,4,5,3
36,9,5,2,3,-3,-2
36,10,1,2,2,1,1
36,11,4,3,3,-1,-1
36,12,7,7,7,0,0
36,13,5,2,3,-3,-2
36,14,4,4,4,0,0
36,15,5,2,3,-3,-2
36,16,2,7,5,5,3
36,17,1,7,5,6,4
36,18,8,8,8,0,0
36,19,5,4,4,-1,-1
36,20,2,7,5,5,3
36,21,7,3,4,-4,-3
36,22,2,6,5,4,3
36,23,7,5,6,-2,-1
36,24,2,5,4,3,2
36,25,8,8,8,0,0
36,26,8,2,4,-6,-4
36,27,3,1,2,-2,-1
36,28,7,2,4,-5,-3
36,29,3,8,6,5,3
36,30,1,4,3,3,2
36,31,7,7,7,0,0
36,32,5,1,2,-4,-3
36,33,8,3,4,-5,-4
36,34,4,7,6,3,2
36,35,1,6,4,5,3
36,36,3,5,4,2,1
36,37,6,8,7,2,1
36,38,2,3,3,1,1
36,39,7,4,5,-3,-2
36,40,6,6,6,0,0
36,41,3,2,2,-1,-1
36,42,7,7,7,0,0
36,43,7,8,8,1,1
36,44,6,6,6,0,0
36,45,1,7,5,6,4
36,46,3,8,6,5,3
36,47,6,8,7,2,1
36,48,6,4,5,-2,-1
36,49,6,2,3,-4,-3
36,50,7,4,5,-3,-2
36,51,4,2,3,-2,-1
36,52,6,8,7,2,1
36,53,8,7,7,-1,-1
36,54,8,2,4,-6,-4
36,55,3,6,5,3,2
36,56,8,3,4,-5,-4
36,57,7,8,8,1,1
36,58,8,7,7,-1,-1
36,59,2,4,3,2,1
36,60,4,3,3,-1,-1
36,61,6,8,7,2,1
36,62,3,5,4,2,1
36,63,8,8,8,0,0
36,64,7,6,6,-1,-1
36,65,1,7,5,6,4
36,66,4,4,4,0,0
36,67,6,7,7,1,1
36,68,8,3,4,-5,-4
36,69,4,5,5,1,1
36,70,1,8,6,7,5
36,71,1,6,4,5,3
36,72,6,6,6,0,0
36,73,7,1,3,-6,-4
36,74,3,2,2,-1,-1
36,75,7,1,3,-6,-4
36,76,5,3,4,-2,-1
36,77,3,6,5,3,2
36,78,5,2,3,-3,-2
36,79,2,2,2,0,0
36,80,6,1,2,-5,-4
36,81,4,2,3,-2,-1
36,82,8,4,5,-4,-3
36,83,4,4,4,0,0
36,84,6,4,5,-2,-1
36,85,1,3,2,2,1
36,86,5,6,6,1,1
36,87,2,2,2,0,0
36,88,8,6,7,-2,-1
36,89,4,6,5,2,1
36,90,8,4,5,-4,-3
36,91,5,3,4,-2,-1
36,92,1,4,3,3,2
36,93,1,2,2,1,1
36,94,3,8,6,5,3
36,95,3,1,2,-2,-1
36,96,6,6,6,0,0
36,97,8,1,3,-7,-5
36,98,1,3,2,2,1
36,99,3,7,6,4,3
36,100,3,5,4,2,1
36,101,3,1,2,-2,-1
36,102,5,8,7,3,2
36,103,6,4,5,-2,-1
36,104,5,7,6,2,1
36,105,5,7,6,2,1
36,106,6,7,7,1,1
36,107,1,7,5,6,4
36,108,2,4,3,2,1
36,109,1,2,2,1,1
36,110,8,2,4,-6,-4
36,111,2,3,3,1,1
36,112,4,6,5,2,1
36,113,5,1,2,-4,-3
36,114,7,1,3,-6,-4
36,115,7,2,4,-5,-3
36,116,7,6,6,-1,-1
36,117,2,2,2,0,0
36,118,3,7,6,4,3
36,119,7,3,4,-4,-3
36,120,3,3,3,0,0
36,121,4,6,5,2,1
36,122,4,2,3,-2,-1
36,123,2,5,4,3,2
36,124,4,3,3,-1,-1
36,125,8,6,7,-2,-1
36,126,4,3,3,-1,-1
36,127,4,1,2,-3,-2
36,128,5,2,3,-3,-2
36,129,5,1,2,-4,-3
36,130,8,5,6,-3,-2
36,131,6,7,7,1,1
36,132,4,6,5,2,1
36,133,8,8,8,0,0
36,134,7,7,7,0,0
36,135,3,7,6,4,3
36,136,7,1,3,-6,-4
36,137,6,3,4,-3,-2
36,138,3,6,5,3,2
36,139,5,1,2,-4,-3
36,140,5,1,2,-4,-3
36,141,7,6,6,-1,-1
36,142,7,4,5,-3,-2
36,143,7,7,7,0,0
36,144,6,1,2,-5,-4
36,145,3,7,6,4,3
36,146,2,7,5,5,3
36,147,1,8,6,7,5
36,148,6,7,7,1,1
36,149,5,2,3,-3,-2
36,150,2,2,2,0,0
36,151,8,5,6,-3,-2
36,152,4,2,3,-2,-1
36,153,2,2,2,0,0
37,1,1,2,2,1,1
37,2,6,7,7,1,1
37,3,8,1,3,-7,-5
37,4,3,5,4,2,1
37,5,3,8,6,5,3
37,6,1,2,2,1,1
37,7,8,3,4,-5,-4
37,8,3,1,2,-2,-1
37,9,5,6,6,1,1
37,10,3,3,3,0,0
37,11,5,1,2,-4,-3
37,12,6,5,5,-1,-1
37,13,8,4,5,-4,-3
37,14,4,2,3,-2,-1
37,15,1,4,3,3,2
37,16,8,5,6,-3,-2
37,17,4,8,7,4,3
37,18,7,3,4,-4,-3
37,19,3,5,4,2,1
37,20,3,2,2,-1,-1
37,21,5,8,7,3,2
37,22,3,2,2,-1,-1
37,23,4,4,4,0,0
37,24,3,5,4,2,1
37,25,1,2,2,1,1
37,26,6,4,5,-2,-1
37,27,7,4,5,-3,-2
37,28,2,6,5,4,3
37,29,3,2,2,-1,-1
37,30,6,3,4,-3,-2
37,31,2,5,4,3,2
37,32,5,6,6,1,1
37,33,2,5,4,3,2
37,34,6,8,7,2,1
37,35,7,6,6,-1,-1
37,36,2,6,5,4,3
37,37,8,3,4,-5,-4
37,38,7,6,6,-1,-1
37,39,7,5,6,-2,-1
37,40,1,5,4,4,3
37,41,3,6,5,3,2
37,42,4,2,3,-2,-1
37,43,8,3,4,-5,-4
37,44,3,7,6,4,3
37,45,3,3,3,0,0
37,46,4,2,3,-2,-1
37,47,7,2,4,-5,-3
37,48,5,3,4,-2,-1
37,49,7,6,6,-1,-1
37,50,7,5,6,-2,-1
37,51,3,4,4,1,1
37,52,1,3,2,2,1
37,53,2,7,5,5,3
37,54,8,7,7,-1,-1
37,55,3,1,2,-2,-1
37,56,8,5,6,-3,-2
37,57,8,1,3,-7,-5
37,58,3,8,6,5,3
37,59,7,3,4,-4,-3
37,60,8,2,4,-6,-4
37,61,8,8,8,0,0
37,62,3,5,4,2,1
37,63,7,8,8,1,1
37,64,7,3,4,-4,-3
37,65,2,2,2,0,0
37,66,4,6,5,2,1
37,67,2,1,1,-1,-1
37,68,7,4,5,-3,-2
37,69,2,6,5,4,3
37,70,4,7,6,3,2
37,71,3,4,4,1,1
37,72,3,5,4,2,1
37,73,2,4,3,2,1
37,74,3,1,2,-2,-1
37,75,8,5,6,-3,-2
37,76,5,2,3,-3,-2
37,77,6,7,7,1,1
37,78,6,4,5,-2,-1
37,79,8,4,5,-4,-3
37,80,2,2,2,0,0
37,81,5,7,6,2,1
37,82,1,5,4,4,3
37,83,8,2,4,-6,-4
37,84,3,4,4,1,1
37,85,4,8,7,4,3
37,86,5,8,7,3,2
37,87,7,6,6,-1,-1
37,88,1,2,2,1,1
37,89,4,7,6,3,2
37,90,7,3,4,-4,-3
37,91,7,4,5,-3,-2
37,92,2,1,1,-1,-1
37,93,8,4,5,-4,-3
37,94,7,5,6,-2,-1
37,95,1,5,4,4,3
37,96,3,2,2,-1,-1
37,97,5,7,6,2,1
37,98,8,2,4,-6,-4
37,99,2,3,3,1,1
37,100,7,2,4,-5,-3
37,101,3,1,2,-2,-1
37,102,2,8,6,6,4
37,103,1,5,4,4,3
37,104,3,1,2,-2,-1
37,105,2,1,1,-1,-1
37,106,3,3,3,0,0
37,107,4,4,4,0,0
37,108,1,8,6,7,5
37,109,3,1,2,-2,-1
37,110,2,4,3,2,1
37,111,8,7,7,-1,-1
37,112,7,3,4,-4,-3
37,113,3,5,4,2,1
37,114,2,4,3,2,1
37,115,1,4,3,3,2
37,116,2,2,2,0,0
37,117,1,1,1,0,0
37,118,6,3,4,-3,-2
37,119,1,1,1,0,0
37,120,3,3,3,0,0
37,121,8,6,7,-2,-1
37,122,8,6,7,-2,-1
37,123,4,4,4,0,0
37,124,3,4,4,1,1
37,125,7,7,7,0,0
37,126,6,8,7,2,1
37,127,1,1,1,0,0
37,128,1,1,1,0,0
37,129,7,3,4,-4,-3
37,130,3,3,3,0,0
37,131,1,1,1,0,0
37,132,3,4,4,1,1
37,133,5,3,4,-2,-1
37,134,1,6,4,5,3
37,135,8,4,5,-4,-3
37,136,6,8,7,2,1
37,137,6,1,2,-5,-4
37,138,2,8,6,6,4
37,139,8,8,8,0,0
37,140,5,2,3,-3,-2
37,141,6,8,7,2,1
37,142,2,1,1,-1,-1
37,143,3,8,6,5,3
37,144,6,8,7,2,1
37,145,6,7,7,1,1
37,146,2,4,3,2,1
37,147,6,5,5,-1,-1
37,148,5,5,5,0,0
37,149,3,3,3,0,0
37,150,5,2,3,-3,-2
37,151,7,2,4,-5,-3
37,152,6,5,5,-1,-1
37,153,3,8,6,5,3
38,1,5,8,7,3,2
38,2,8,7,7,-1,-1
38,3,7,6,6,-1,-1
38,4,3,1,2,-2,-1
38,5,1,6,4,5,3
38,6,2,1,1,-1,-1
38,7,2,1,1,-1,-1
38,8,6,7,7,1,1
38,9,2,6,5,4,3
38,10,3,2,2,-1,-1
38,11,8,7,7,-1,-1
38,12,8,6,7,-2,-1
38,13,4,6,5,2,1
38,14,5,6,6,1,1
38,15,2,3,3,1,1
38,16,5,8,7,3,2
38,17,7,3,4,-4,-3
38,18,6,5,5,-1,-1
38,19,6,7,7,1,1
38,20,6,7,7,1,1
38,21,2,1,1,-1,-1
38,22,3,1,2,-2,-1
38,23,4,7,6,3,2
38,24,3,7,6,4,3
38,25,8,2,4,-6,-4
38,26,3,5,4,2,1
38,27,5,7,6,2,1
38,28,3,5,4,2,1
38,29,7,8,8,1,1
38,30,1,4,3,3,2
38,31,7,1,3,-6,-4
38,32,4,2,3,-2,-1
38,33,3,1,2,-2,-1
38,34,8,2,4,-6,-4
38,35,4,6,5,2,1
38,36,8,2,4,-6,-4
38,37,8,3,4,-5,-4
38,38,7,4,5,-3,-2
38,39,8,3,4,-5,-4
38,40,7,6,6,-1,-1
38,41,2,4,3,2,1
38,42,7,1,3,-6,-4
38,43,8,6,7,-2,-1
38,44,6,5,5,-1,-1
38,45,2,2,2,0,0
38,46,5,1,2,-4,-3
38,47,6,4,5,-2,-1
38,48,2,4,3,2,1
38,49,5,1,2,-4,-3
38,50,1,3,2,2,1
38,51,8,4,5,-4,-3
38,52,4,6,5,2,1
38,53,1,1,1,0,0
38,54,6,1,2,-5,-4
38,55,2,2,2,0,0
38,56,8,1,3,-7,-5
38,57,3,3,3,0,0
38,58,3,5,4,2,1
38,59,8,3,4,-5,-4
38,60,6,7,7,1,1
38,61,4,7,6,3,2
38,62,6,2,3,-4,-3
38,63,2,3,3,1,1
38,64,5,3,4,-2,-1
38,65,3,7,6,4,3
38,66,2,1,1,-1,-1
38,67,8,2,4,-6,-4
38,68,8,7,7,-1,-1
38,69,2,4,3,2,1
38,70,8,8,8,0,0
38,71,4,8,7,4,3
38,72,6,6,6,0,0
38,73,6,8,7,2,1
38,74,5,1,2,-4,-3
38,75,6,4,5,-2,-1
38,76,4,7,6,3,2
38,77,2,5,4,3,2
38,78,4,3,3,-1,-1
38,79,2,8,6,6,4
38,80,3,4,4,1,1
38,81,6,3,4,-3,-2
38,82,4,3,3,-1,-1
38,83,7,8,8,1,1
38,84,5,1,2,-4,-3
38,85,1,6,4,5,3
38,86,7,5,6,-2,-1
38,87,2,7,5,5,3
38,88,5,8,7,3,2
38,89,6,2,3,-4,-3
38,90,1,1,1,0,0
38,91,2,2,2,0,0
38,92,8,6,7,-2,-1
38,93,4,3,3,-1,-1
38,94,5,6,6,1,1
38,95,8,2,4,-6,-4
38,96,5,4,4,-1,-1
38,97,8,2,4,-6,-4
38,98,6,1,2,-5,-4
38,99,3,1,2,-2,-1
38,100,8,4,5,-4,-3
38,101,8,8,8,0,0
38,102,4,5,5,1,1
38,103,8,1,3,-7,-5
38,104,4,2,3,-2,-1
38,105,3,7,6,4,3
38,106,5,6,6,1,1
38,107,8,5,6,-3,-2
38,108,1,7,5,6,4
38,109,3,4,4,1,1
38,110,6,4,5,-2,-1
38,111,1,8,6,7,5
38,112,2,3,3,1,1
38,113,8,4,5,-4,-3
38,114,8,8,8,0,0
38,115,7,6,6,-1,-1
38,116,8,1,3,-7,-5
38,117,1,1,1,0,0
38,118,2,8,6,6,4
38,119,4,6,5,2,1
38,120,3,7,6,4,3
38,121,7,8,8,1,1
38,122,3,1,2,-2,-1
38,123,6,4,5,-2,-1
38,124,7,8,8,1,1
38,125,2,7,5,5,3
38,126,2,3,3,1,1
38,127,4,5,5,1,1
38,128,5,1,2,-4,-3
38,129,6,4,5,-2,-1
38,130,2,6,5,4,3
38,131,1,6,4,5,3
38,132,3,7,6,4,3
38,133,6,4,5,-2,-1
38,134,3,2,2,-1,-1
38,135,6,4,5,-2,-1
38,136,7,8,8,1,1
38,137,7,1,3,-6,-4
38,138,8,4,5,-4,-3
38,139,1,6,4,5,3
38,140,6,4,5,-2,-1
38,141,5,2,3,-3,-2
38,142,3,1,2,-2,-1
38,143,1,3,2,2,1
38,144,6,8,7,2,1
38,145,1,8,6,7,5
38,146,5,7,6,2,1
38,147,8,5,6,-3,-2
38,148,6,7,7,1,1
38,149,3,6,5,3,2
38,150,2,1,1,-1,-1
38,151,7,2,4,-5,-3
38,152,8,3,4,-5,-4
38,153,4,2,3,-2,-1
39,1,5,6,6,1,1
39,2,3,8,6,5,3
39,3,3,8,6,5,3
39,4,1,6,4,5,3
39,5,3,7,6,4,3
39,6,8,2,4,-6,-4
39,7,1,5,4,4,3
39,8,7,4,5,-3,-2
39,9,4,2,3,-2,-1
39,10,5,6,6,1,1
39,11,7,5,6,-2,-1
39,12,7,7,7,0,0
39,13,3,7,6,4,3
39,14,4,8,7,4,3
39,15,3,3,3,0,0
39,16,3,1,2,-2,-1
39,17,7,7,7,0,0
39,18,4,7,6,3,2
39,19,5,2,3,-3,-2
39,20,6,7,7,1,1
39,21,1,3,2,2,1
39,22,6,8,7,2,1
39,23,5,5,5,0,0
39,24,5,4,4,-1,-1
39,25,5,6,6,1,1
39,26,8,2,4,-6,-4
39,27,1,2,2,1,1
39,28,3,3,3,0,0
39,29,6,2,3,-4,-3
39,30,5,2,3,-3,-2
39,31,6,3,4,-3,-2
39,32,2,3,3,1,1
39,33,1,4,3,3,2
39,34,8,1,3,-7,-5
39,35,7,3,4,-4,-3
39,36,3,5,4,2,1
39,37,4,3,3,-1,-1
39,38,5,3,4,-2,-1
39,39,2,4,3,2,1
39,40,3,3,3,0,0
39,41,5,8,7,3,2
39,42,4,7,6,3,2
39,43,7,7,7,0,0
39,44,2,3,3,1,1
39,45,5,3,4,-2,-1
39,46,6,6,6,0,0
39,47,6,7,7,1,1
39,48,7,1,3,-6,-4
39,49,7,1,3,-6,-4
39,50,3,7,6,4,3
39,51,2,1,1,-1,-1
39,52,1,3,2,2,1
39,53,1,2,2,1,1
39,54,1,4,3,3,2
39,55,4,7,6,3,2
39,56,5,7,6,2,1
39,57,3,4,4,1,1
39,58,7,6,6,-1,-1
39,59,2,4,3,2,1
39,60,1,6,4,5,3
39,61,6,8,7,2,1
39,62,4,5,5,1,1
39,63,4,7,6,3,2
39,64,5,1,2,-4,-3
39,65,6,5,5,-1,-1
39,66,5,1,2,-4,-3
39,67,1,8,6,7,5
39,68,6,3,4,-3,-2
39,69,5,3,4,-2,-1
39,70,1,1,1,0,0
39,71,4,2,3,-2,-1
39,72,1,7,5,6,4
39,73,2,7,5,5,3
39,74,6,2,3,-4,-3
39,75,5,7,6,2,1
39,76,8,8,8,0,0
39,77,4,8,7,4,3
39,78,5,3,4,-2,-1
39,79,6,4,5,-2,-1
39,80,2,6,5,4,3
39,81,4,7,6,3,2
39,82,4,7,6,3,2
39,83,1,6,4,5,3
39,84,5,5,5,0,0
39,85,7,4,5,-3,-2
39,86,4,4,4,0,0
39,87,8,7,7,-1,-1
39,88,7,3,4,-4,-3
39,89,6,7,7,1,1
39,90,2,5,4,3,2
39,91,8,1,3,-7,-5
39,92,6,6,6,0,0
39,93,6,5,5,-1,-1
39,94,1,6,4,5,3
39,95,3,8,6,5,3
39,96,2,3,3,1,1
39,97,3,7,6,4,3
39,98,8,3,4,-5,-4
39,99,5,7,6,2,1
39,100,8,5,6,-3,-2
39,101,7,4,5,-3,-2
39,102,3,6,5,3,2
39,103,8,2,4,-6,-4
39,104,6,8,7,2,1
39,105,8,5,6,-3,-2
39,106,5,6,6,1,1
39,107,2,8,6,6,4
39,108,2,3,3,1,1
39,109,8,3,4,-5,-4
39,110,1,8,6,7,5
39,111,7,5,6,-2,-1
39,112,1,8,6,7,5
39,113,8,6,7,-2,-1
39,114,8,5,6,-3,-2
39,115,2,6,5,4,3
39,116,1,5,4,4,3
39,117,5,4,4,-1,-1
39,118,2,5,4,3,2
39,119,5,7,6,2,1
39,120,6,6,6,0,0
39,121,3,7,6,4,3
39,122,1,1,1,0,0
39,123,3,5,4,2,1
39,124,7,8,8,1,1
39,125,2,3,3,1,1
39,126,4,2,3,-2,-1
39,127,4,3,3,-1,-1
39,128,1,1,1,0,0
39,129,6,5,5,-1,-1
39,130,7,8,8,1,1
39,131,8,1,3,-7,-5
39,132,6,4,5,-2,-1
39,133,6,2,3,-4,-3
39,134,6,2,3,-4,-3
39,135,3,2,2,-1,-1
39,136,8,7,7,-1,-1
39,137,4,1,2,-3,-2
39,138,1,8,6,7,5
39,139,8,8,8,0,0
39,140,2,3,3,1,1
39,141,5,8,7,3,2
39,142,8,6,7,-2,-1
39,143,4,8,7,4,3
39,144,2,1,1,-1,-1
39,145,7,4,5,-3,-2
39,146,8,1,3,-7,-5
39,147,1,1,1,0,0
39,148,6,4,5,-2,-1
39,149,7,5,6,-2,-1
39,150,7,6,6,-1,-1
39,151,8,5,6,-3,-2
39,152,4,7,6,3,2
39,153,1,2,2,1,1
40,1,2,8,6,6,4
40,2,5,3,4,-2,-1
40,3,3,3,3,0,0
40,4,6,3,4,-3,-2
40,5,6,5,5,-1,-1
40,6,6,1,2,-5,-4
40,7,4,4,4,0,0
40,8,3,8,6,5,3
40,9,1,7,5,6,4
40,10,6,7,7,1,1
40,11,1,1,1,0,0
40,12,4,6,5,2,1
40,13,8,3,4,-5,-4
40,14,1,7,5,6,4
40,15,7,5,6,-2,-1
40,16,1,1,1,0,0
40,17,1,3,2,2,1
40,18,6,8,7,2,1
40,19,3,1,2,-2,-1
40,20,5,2,3,-3,-2
40,21,5,7,6,2,1
40,22,7,2,4,-5,-3
40,23,8,4,5,-4,-3
40,24,1,3,2,2,1
40,25,8,4,5,-4,-3
40,26,8,2,4,-6,-4
40,27,2,5,4,3,2
40,28,3,3,3,0,0
40,29,3,2,2,-1,-1
40,30,6,6,6,0,0
40,31,8,6,7,-2,-1
40,32,7,6,6,-1,-1
40,33,1,4,3,3,2
40,34,6,5,5,-1,-1
40,35,3,7,6,4,3
40,36,3,6,5,3,2
40,37,6,7,7,1,1
40,38,8,4,5,-4,-3
40,39,8,8,8,0,0
40,40,1,3,2,2,1
40,41,1,2,2,1,1
40,42,8,2,4,-6,-4
40,43,6,4,5,-2,-1
40,44,2,1,1,-1,-1
40,45,2,3,3,1,1
40,46,8,6,7,-2,-1
40,47,8,8,8,0,0
40,48,2,5,4,3,2
40,49,8,4,5,-4,-3
40,50,5,7,6,2,1
40,51,7,4,5,-3,-2
40,52,6,1,2,-5,-4
40,53,1,2,2,1,1
40,54,6,3,4,-3,-2
40,55,4,7,6,3,2
40,56,2,6,5,4,3
40,57,6,4,5,-2,-1
40,58,8,6,7,-2,-1
40,59,3,1,2,-2,-1
40,60,8,1,3,-7,-5
40,61,7,3,4,-4,-3
40,62,6,1,2,-5,-4
40,63,4,3,3,-1,-1
40,64,8,3,4,-5,-4
40,65,6,6,6,0,0
40,66,2,8,6,6,4
40,67,2,7,5,5,3
40,68,4,1,2,-3,-2
40,69,8,6,7,-2,-1
40,70,5,8,7,3,2
40,71,3,6,5,3,2
40,72,6,6,6,0,0
40,73,4,2,3,-2,-1
40,74,4,5,5,1,1
40,75,6,6,6,0,0
40,76,4,5,5,1,1
40,77,8,8,8,0,0
40,78,5,1,2,-4,-3
40,79,6,1,2,-5,-4
40,80,5,8,7,3,2
40,81,1,3,2,2,1
40,82,6,3,4,-3,-2
40,83,7,1,3,-6,-4
40,84,4,7,6,3,2
40,85,4,4,4,0,0
40,86,1,8,6,7,5
40,87,7,7,7,0,0
40,88,5,4,4,-1,-1
40,89,8,7,7,-1,-1
40,90,5,8,7,3,2
40,91,8,6,7,-2,-1
40,92,6,3,4,-3,-2
40,93,2,5,4,3,2
40,94,1,1,1,0,0
40,95,7,4,5,-3,-2
40,96,5,6,6,1,1
40,97,7,4,5,-3,-2
40,98,8,1,3,-7,-5
40,99,1,7,5,6,4
40,100,8,5,6,-3,-2
40,101,5,6,6,1,1
40,102,8,3,4,-5,-4
40,103,3,7,6,4,3
40,104,8,7,7,-1,-1
40,105,4,6,5,2,1
40,106,6,4,5,-2,-1
40,107,4,8,7,4,3
40,108,1,7,5,6,4
40,109,3,4,4,1,1
40,110,4,3,3,-1,-1
40,111,1,6,4,5,3
40,112,6,2,3,-4,-3
40,113,5,6,6,1,1
40,114,3,5,4,2,1
40,115,4,5,5,1,1
40,116,8,1,3,-7,-5
40,117,3,3,3,0,0
40,118,2,6,5,4,3
40,119,4,3,3,-1,-1
40,120,4,8,7,4,3
40,121,2,8,6,6,4
40,122,4,4,4,0,0
40,123,1,6,4,5,3
40,124,5,7,6,2,1
40,125,7,1,3,-6,-4
40,126,4,4,4,0,0
40,127,4,3,3,-1,-1
40,128,7,1,3,-6,-4
40,129,6,8,7,2,1
40,130,3,2,2,-1,-1
40,131,1,3,2,2,1
40,132,4,3,3,-1,-1
40,133,6,2,3,-4,-3
40,134,8,3,4,-5,-4
40,135,3,8,6,5,3
40,136,5,1,2,-4,-3
40,137,2,7,5,5,3
40,138,5,1,2,-4,-3
40,139,8,5,6,-3,-2
40,140,6,8,7,2,1
40,141,8,6,7,-2,-1
40,142,2,8,6,6,4
40,143,6,7,7,1,1
40,144,5,6,6,1,1
40,145,3,7,6,4,3
40,146,4,6,5,2,1
40,147,8,2,4,-6,-4
40,148,4,3,3,-1,-1
40,149,2,6,5,4,3
40,150,3,2,2,-1,-1
40,151,3,1,2,-2,-1
40,152,1,1,1,0,0
40,153,6,2,3,-4,-3
