"ID","trial","FirstRating","GroupRating","SecondRating","Feedback","Change"
1,1,8,3,6,-5,-2
1,2,8,7,8,-1,0
1,3,4,4,4,0,0
1,4,8,1,4,-7,-4
1,5,3,5,4,2,1
1,6,4,8,6,4,2
1,7,8,4,6,-4,-2
1,8,2,1,2,-1,0
1,9,4,8,6,4,2
1,10,8,8,8,0,0
1,11,6,3,4,-3,-2
1,12,3,4,4,1,1
1,13,2,7,4,5,2
1,14,3,4,4,1,1
1,15,7,7,7,0,0
1,16,2,7,4,5,2
1,17,3,6,4,3,1
1,18,5,6,6,1,1
1,19,3,4,4,1,1
1,20,4,8,6,4,2
1,21,1,8,4,7,3
1,22,3,8,6,5,3
1,23,6,6,6,0,0
1,24,7,4,6,-3,-1
1,25,5,5,5,0,0
1,26,3,1,2,-2,-1
1,27,1,4,2,3,1
1,28,6,8,7,2,1
1,29,4,6,5,2,1
1,30,7,8,8,1,1
1,31,3,6,4,3,1
1,32,3,8,6,5,3
1,33,4,4,4,0,0
1,34,3,4,4,1,1
1,35,5,3,4,-2,-1
1,36,4,2,3,-2,-1
1,37,2,1,2,-1,0
1,38,3,3,3,0,0
1,39,7,7,7,0,0
1,40,2,6,4,4,2
1,41,7,1,4,-6,-3
1,42,8,8,8,0,0
1,43,1,6,4,5,3
1,44,7,8,8,1,1
1,45,1,7,4,6,3
1,46,2,3,2,1,0
1,47,4,8,6,4,2
1,48,7,3,5,-4,-2
1,49,2,5,4,3,2
1,50,1,8,4,7,3
1,51,1,8,4,7,3
1,52,3,8,6,5,3
1,53,8,6,7,-2,-1
1,54,4,6,5,2,1
1,55,8,5,6,-3,-2
1,56,8,6,7,-2,-1
1,57,5,7,6,2,1
1,58,7,2,4,-5,-3
1,59,7,7,7,0,0
1,60,1,2,2,1,1
1,61,5,4,4,-1,-1
1,62,7,5,6,-2,-1
1,63,4,3,4,-1,0
1,64,1,2,2,1,1
1,65,8,3,6,-5,-2
1,66,1,8,4,7,3
1,67,3,1,2,-2,-1
1,68,8,7,8,-1,0
1,69,3,4,4,1,1
1,70,4,7,6,3,2
1,71,2,4,3,2,1
1,72,8,8,8,0,0
1,73,5,3,4,-2,-1
1,74,2,1,2,-1,0
1,75,1,4,2,3,1
1,76,6,7,6,1,0
1,77,4,5,4,1,0
1,78,2,4,3,2,1
1,79,2,7,4,5,2
1,80,2,7,4,5,2
1,81,4,2,3,-2,-1
1,82,1,8,4,7,3
1,83,3,4,4,1,1
1,84,2,8,5,6,3
1,85,1,5,3,4,2
1,86,2,2,2,0,0
1,87,6,1,4,-5,-2
1,88,5,2,4,-3,-1
1,89,2,2,2,0,0
1,90,1,5,3,4,2
1,91,1,4,2,3,1
1,92,6,5,6,-1,0
1,93,5,4,4,-1,-1
1,94,1,3,2,2,1
1,95,2,8,5,6,3
1,96,3,5,4,2,1
1,97,4,8,6,4,2
1,98,5,8,6,3,1
1,99,6,7,6,1,0
1,100,2,2,2,0,0
1,101,4,7,6,3,2
1,102,8,8,8,0,0
1,103,1,5,3,4,2
1,104,6,6,6,0,0
1,105,3,7,5,4,2
1,106,6,3,4,-3,-2
1,107,8,8,8,0,0
1,108,3,2,2,-1,-1
1,109,4,8,6,4,2
1,110,6,3,4,-3,-2
1,111,8,5,6,-3,-2
1,112,6,8,7,2,1
1,113,4,7,6,3,2
1,114,2,3,2,1,0
1,115,8,3,6,-5,-2
1,116,3,3,3,0,0
1,117,2,2,2,0,0
1,118,6,3,4,-3,-2
1,119,3,8,6,5,3
1,120,5,6,6,1,1
1,121,3,5,4,2,1
1,122,6,2,4,-4,-2
1,123,5,7,6,2,1
1,124,2,6,4,4,2
1,125,3,4,4,1,1
1,126,3,3,3,0,0
1,127,5,8,6,3,1
1,128,8,4,6,-4,-2
1,129,4,8,6,4,2
1,130,1,6,4,5,3
1,131,4,3,4,-1,0
1,132,4,7,6,3,2
1,133,5,3,4,-2,-1
1,134,4,8,6,4,2
1,135,3,6,4,3,1
1,136,1,3,2,2,1
1,137,5,7,6,2,1
1,138,5,8,6,3,1
1,139,5,6,6,1,1
1,140,1,1,1,0,0
1,141,4,4,4,0,0
1,142,7,5,6,-2,-1
1,143,6,5,6,-1,0
1,144,5,8,6,3,1
1,145,5,7,6,2,1
1,146,7,1,4,-6,-3
1,147,5,7,6,2,1
1,148,7,7,7,0,0
1,149,6,4,5,-2,-1
1,150,5,5,5,0,0
1,151,2,3,2,1,0
1,152,8,8,8,0,0
1,153,3,7,5,4,2
2,1,4,5,4,1,0
2,2,5,2,4,-3,-1
2,3,5,6,6,1,1
2,4,7,3,5,-4,-2
2,5,7,2,4,-5,-3
2,6,5,8,6,3,1
2,7,6,6,6,0,0
2,8,2,3,2,1,0
2,9,5,2,4,-3,-1
2,10,2,1,2,-1,0
2,11,2,3,2,1,0
2,12,4,5,4,1,0
2,13,5,6,6,1,1
2,14,6,4,5,-2,-1
2,15,2,6,4,4,2
2,16,5,7,6,2,1
2,17,7,6,6,-1,-1
2,18,8,4,6,-4,-2
2,19,5,1,3,-4,-2
2,20,1,1,1,0,0
2,21,1,5,3,4,2
2,22,5,1,3,-4,-2
2,23,7,7,7,0,0
2,24,3,4,4,1,1
2,25,2,3,2,1,0
2,26,7,3,5,-4,-2
2,27,4,1,2,-3,-2
2,28,4,4,4,0,0
2,29,4,7,6,3,2
2,30,3,5,4,2,1
2,31,3,6,4,3,1
2,32,2,6,4,4,2
2,33,6,2,4,-4,-2
2,34,1,6,4,5,3
2,35,5,7,6,2,1
2,36,1,2,2,1,1
2,37,8,2,5,-6,-3
2,38,2,2,2,0,0
2,39,6,3,4,-3,-2
2,40,8,2,5,-6,-3
2,41,1,5,3,4,2
2,42,3,6,4,3,1
2,43,7,4,6,-3,-1
2,44,4,4,4,0,0
2,45,1,4,2,3,1
2,46,1,3,2,2,1
2,47,3,4,4,1,1
2,48,3,3,3,0,0
2,49,6,7,6,1,0
2,50,3,6,4,3,1
2,51,2,2,2,0,0
2,52,4,4,4,0,0
2,53,7,8,8,1,1
2,54,8,2,5,-6,-3
2,55,7,7,7,0,0
2,56,1,7,4,6,3
2,57,2,7,4,5,2
2,58,3,5,4,2,1
2,59,1,1,1,0,0
2,60,7,3,5,-4,-2
2,61,2,3,2,1,0
2,62,7,1,4,-6,-3
2,63,5,8,6,3,1
2,64,6,3,4,-3,-2
2,65,1,6,4,5,3
2,66,1,7,4,6,3
2,67,8,2,5,-6,-3
2,68,6,3,4,-3,-2
2,69,8,8,8,0,0
2,70,5,7,6,2,1
2,71,3,6,4,3,1
2,72,5,4,4,-1,-1
2,73,4,2,3,-2,-1
2,74,5,3,4,-2,-1
2,75,3,3,3,0,0
2,76,8,3,6,-5,-2
2,77,5,8,6,3,1
2,78,1,3,2,2,1
2,79,3,3,3,0,0
2,80,3,6,4,3,1
2,81,6,2,4,-4,-2
2,82,7,4,6,-3,-1
2,83,7,1,4,-6,-3
2,84,1,8,4,7,3
2,85,7,8,8,1,1
2,86,6,1,4,-5,-2
2,87,2,6,4,4,2
2,88,6,7,6,1,0
2,89,1,8,4,7,3
2,90,3,1,2,-2,-1
2,91,1,4,2,3,1
2,92,8,8,8,0,0
2,93,3,3,3,0,0
2,94,7,4,6,-3,-1
2,95,5,2,4,-3,-1
2,96,2,6,4,4,2
2,97,1,1,1,0,0
2,98,5,4,4,-1,-1
2,99,3,7,5,4,2
2,100,3,1,2,-2,-1
2,101,1,6,4,5,3
2,102,6,1,4,-5,-2
2,103,8,3,6,-5,-2
2,104,2,7,4,5,2
2,105,5,8,6,3,1
2,106,1,1,1,0,0
2,107,6,3,4,-3,-2
2,108,6,6,6,0,0
2,109,1,3,2,2,1
2,110,5,5,5,0,0
2,111,5,5,5,0,0
2,112,4,2,3,-2,-1
2,113,2,7,4,5,2
2,114,8,3,6,-5,-2
2,115,2,5,4,3,2
2,116,4,3,4,-1,0
2,117,4,4,4,0,0
2,118,2,7,4,5,2
2,119,3,6,4,3,1
2,120,8,3,6,-5,-2
2,121,8,7,8,-1,0
2,122,7,7,7,0,0
2,123,7,8,8,1,1
2,124,8,3,6,-5,-2
2,125,1,1,1,0,0
2,126,4,4,4,0,0
2,127,5,5,5,0,0
2,128,8,2,5,-6,-3
2,129,2,6,4,4,2
2,130,7,3,5,-4,-2
2,131,6,4,5,-2,-1
2,132,3,3,3,0,0
2,133,6,3,4,-3,-2
2,134,5,5,5,0,0
2,135,3,3,3,0,0
2,136,1,5,3,4,2
2,137,2,8,5,6,3
2,138,1,2,2,1,1
2,139,1,8,4,7,3
2,140,5,6,6,1,1
2,141,8,7,8,-1,0
2,142,3,3,3,0,0
2,143,6,7,6,1,0
2,144,3,6,4,3,1
2,145,2,1,2,-1,0
2,146,4,4,4,0,0
2,147,7,5,6,-2,-1
2,148,7,4,6,-3,-1
2,149,1,1,1,0,0
2,150,5,7,6,2,1
2,151,8,1,4,-7,-4
2,152,3,1,2,-2,-1
2,153,5,7,6,2,1
3,1,4,1,2,-3,-2
3,2,8,3,6,-5,-2
3,3,6,3,4,-3,-2
3,4,1,5,3,4,2
3,5,6,4,5,-2,-1
3,6,4,1,2,-3,-2
3,7,7,2,4,-5,-3
3,8,3,6,4,3,1
3,9,1,2,2,1,1
3,10,1,2,2,1,1
3,11,2,5,4,3,2
3,12,7,1,4,-6,-3
3,13,1,1,1,0,0
3,14,6,2,4,-4,-2
3,15,2,5,4,3,2
3,16,5,3,4,-2,-1
3,17,3,8,6,5,3
3,18,7,5,6,-2,-1
3,19,8,4,6,-4,-2
3,20,1,7,4,6,3
3,21,5,5,5,0,0
3,22,4,8,6,4,2
3,23,5,2,4,-3,-1
3,24,1,3,2,2,1
3,25,3,2,2,-1,-1
3,26,4,7,6,3,2
3,27,7,1,4,-6,-3
3,28,8,4,6,-4,-2
3,29,2,2,2,0,0
3,30,7,4,6,-3,-1
3,31,6,6,6,0,0
3,32,4,4,4,0,0
3,33,5,8,6,3,1
3,34,1,6,4,5,3
3,35,3,2,2,-1,-1
3,36,7,4,6,-3,-1
3,37,4,3,4,-1,0
3,38,5,2,4,-3,-1
3,39,6,3,4,-3,-2
3,40,1,4,2,3,1
3,41,4,7,6,3,2
3,42,2,3,2,1,0
3,43,1,3,2,2,1
3,44,5,7,6,2,1
3,45,7,1,4,-6,-3
3,46,2,8,5,6,3
3,47,1,6,4,5,3
3,48,3,7,5,4,2
3,49,5,3,4,-2,-1
3,50,2,8,5,6,3
3,51,2,2,2,0,0
3,52,2,3,2,1,0
3,53,7,5,6,-2,-1
3,54,6,6,6,0,0
3,55,5,2,4,-3,-1
3,56,7,2,4,-5,-3
3,57,5,2,4,-3,-1
3,58,7,6,6,-1,-1
3,59,8,6,7,-2,-1
3,60,8,6,7,-2,-1
3,61,1,2,2,1,1
3,62,7,3,5,-4,-2
3,63,1,5,3,4,2
3,64,8,7,8,-1,0
3,65,5,1,3,-4,-2
3,66,5,1,3,-4,-2
3,67,6,3,4,-3,-2
3,68,7,5,6,-2,-1
3,69,2,3,2,1,0
3,70,1,4,2,3,1
3,71,3,4,4,1,1
3,72,4,2,3,-2,-1
3,73,7,2,4,-5,-3
3,74,2,7,4,5,2
3,75,5,2,4,-3,-1
3,76,7,4,6,-3,-1
3,77,4,8,6,4,2
3,78,1,8,4,7,3
3,79,7,2,4,-5,-3
3,80,5,5,5,0,0
3,81,2,3,2,1,0
3,82,3,2,2,-1,-1
3,83,2,4,3,2,1
3,84,4,2,3,-2,-1
3,85,1,4,2,3,1
3,86,7,3,5,-4,-2
3,87,6,7,6,1,0
3,88,2,3,2,1,0
3,89,3,7,5,4,2
3,90,2,8,5,6,3
3,91,6,3,4,-3,-2
3,92,7,1,4,-6,-3
3,93,2,2,2,0,0
3,94,4,1,2,-3,-2
3,95,8,1,4,-7,-4
3,96,7,1,4,-6,-3
3,97,5,1,3,-4,-2
3,98,5,6,6,1,1
3,99,6,1,4,-5,-2
3,100,4,3,4,-1,0
3,101,7,2,4,-5,-3
3,102,7,8,8,1,1
3,103,2,2,2,0,0
3,104,5,1,3,-4,-2
3,105,6,6,6,0,0
3,106,4,7,6,3,2
3,107,7,3,5,-4,-2
3,108,8,3,6,-5,-2
3,109,8,7,8,-1,0
3,110,1,7,4,6,3
3,111,1,8,4,7,3
3,112,4,8,6,4,2
3,113,3,2,2,-1,-1
3,114,3,8,6,5,3
3,115,3,6,4,3,1
3,116,4,1,2,-3,-2
3,117,7,3,5,-4,-2
3,118,6,2,4,-4,-2
3,119,7,4,6,-3,-1
3,120,5,6,6,1,1
3,121,4,5,4,1,0
3,122,1,6,4,5,3
3,123,7,3,5,-4,-2
3,124,3,5,4,2,1
3,125,7,4,6,-3,-1
3,126,6,7,6,1,0
3,127,5,7,6,2,1
3,128,1,1,1,0,0
3,129,6,7,6,1,0
3,130,4,5,4,1,0
3,131,6,5,6,-1,0
3,132,3,5,4,2,1
3,133,2,7,4,5,2
3,134,7,5,6,-2,-1
3,135,4,4,4,0,0
3,136,2,4,3,2,1
3,137,2,5,4,3,2
3,138,6,8,7,2,1
3,139,8,4,6,-4,-2
3,140,8,3,6,-5,-2
3,141,7,3,5,-4,-2
3,142,5,6,6,1,1
3,143,7,7,7,0,0
3,144,1,6,4,5,3
3,145,2,6,4,4,2
3,146,2,7,4,5,2
3,147,6,5,6,-1,0
3,148,4,8,6,4,2
3,149,3,6,4,3,1
3,150,3,5,4,2,1
3,151,2,2,2,0,0
3,152,4,4,4,0,0
3,153,7,4,6,-3,-1
4,1,2,2,2,0,0
4,2,5,3,4,-2,-1
4,3,4,4,4,0,0
4,4,6,2,4,-4,-2
4,5,1,3,2,2,1
4,6,4,7,6,3,2
4,7,5,5,5,0,0
4,8,8,7,8,-1,0
4,9,7,1,4,-6,-3
4,10,5,3,4,-2,-1
4,11,7,3,5,-4,-2
4,12,3,1,2,-2,-1
4,13,6,6,6,0,0
4,14,8,8,8,0,0
4,15,1,4,2,3,1
4,16,3,3,3,0,0
4,17,4,5,4,1,0
4,18,3,8,6,5,3
4,19,6,2,4,-4,-2
4,20,4,2,3,-2,-1
4,21,5,7,6,2,1
4,22,2,5,4,3,2
4,23,6,8,7,2,1
4,24,6,8,7,2,1
4,25,2,1,2,-1,0
4,26,1,5,3,4,2
4,27,1,2,2,1,1
4,28,3,8,6,5,3
4,29,2,3,2,1,0
4,30,3,4,4,1,1
4,31,8,5,6,-3,-2
4,32,4,7,6,3,2
4,33,6,1,4,-5,-2
4,34,1,8,4,7,3
4,35,4,8,6,4,2
4,36,3,7,5,4,2
4,37,1,1,1,0,0
4,38,3,8,6,5,3
4,39,1,7,4,6,3
4,40,2,1,2,-1,0
4,41,2,8,5,6,3
4,42,2,6,4,4,2
4,43,6,2,4,-4,-2
4,44,7,1,4,-6,-3
4,45,6,3,4,-3,-2
4,46,1,5,3,4,2
4,47,6,5,6,-1,0
4,48,8,5,6,-3,-2
4,49,8,7,8,-1,0
4,50,5,2,4,-3,-1
4,51,5,5,5,0,0
4,52,4,2,3,-2,-1
4,53,4,8,6,4,2
4,54,5,2,4,-3,-1
4,55,7,6,6,-1,-1
4,56,2,2,2,0,0
4,57,6,5,6,-1,0
4,58,7,1,4,-6,-3
4,59,5,6,6,1,1
4,60,4,8,6,4,2
4,61,3,5,4,2,1
4,62,5,7,6,2,1
4,63,3,7,5,4,2
4,64,8,6,7,-2,-1
4,65,7,1,4,-6,-3
4,66,6,8,7,2,1
4,67,3,7,5,4,2
4,68,3,3,3,0,0
4,69,4,8,6,4,2
4,70,2,5,4,3,2
4,71,6,5,6,-1,0
4,72,1,1,1,0,0
4,73,7,6,6,-1,-1
4,74,3,8,6,5,3
4,75,6,1,4,-5,-2
4,76,1,4,2,3,1
4,77,8,2,5,-6,-3
4,78,5,7,6,2,1
4,79,8,4,6,-4,-2
4,80,8,2,5,-6,-3
4,81,2,3,2,1,0
4,82,3,5,4,2,1
4,83,2,4,3,2,1
4,84,6,7,6,1,0
4,85,3,7,5,4,2
4,86,2,5,4,3,2
4,87,6,1,4,-5,-2
4,88,1,8,4,7,3
4,89,3,3,3,0,0
4,90,8,3,6,-5,-2
4,91,1,3,2,2,1
4,92,7,1,4,-6,-3
4,93,3,8,6,5,3
4,94,7,6,6,-1,-1
4,95,8,1,4,-7,-4
4,96,2,4,3,2,1
4,97,8,5,6,-3,-2
4,98,4,4,4,0,0
4,99,3,8,6,5,3
4,100,5,7,6,2,1
4,101,8,1,4,-7,-4
4,102,7,7,7,0,0
4,103,3,7,5,4,2
4,104,2,7,4,5,2
4,105,8,7,8,-1,0
4,106,5,1,3,-4,-2
4,107,1,6,4,5,3
4,108,6,5,6,-1,0
4,109,1,3,2,2,1
4,110,1,8,4,7,3
4,111,3,4,4,1,1
4,112,4,8,6,4,2
4,113,4,1,2,-3,-2
4,114,3,6,4,3,1
4,115,8,1,4,-7,-4
4,116,8,7,8,-1,0
4,117,6,6,6,0,0
4,118,7,4,6,-3,-1
4,119,8,4,6,-4,-2
4,120,8,8,8,0,0
4,121,3,4,4,1,1
4,122,7,7,7,0,0
4,123,2,6,4,4,2
4,124,8,1,4,-7,-4
4,125,4,7,6,3,2
4,126,5,6,6,1,1
4,127,1,2,2,1,1
4,128,2,4,3,2,1
4,129,3,1,2,-2,-1
4,130,1,7,4,6,3
4,131,6,5,6,-1,0
4,132,6,2,4,-4,-2
4,133,3,8,6,5,3
4,134,5,5,5,0,0
4,135,4,7,6,3,2
4,136,6,1,4,-5,-2
4,137,5,5,5,0,0
4,138,3,5,4,2,1
4,139,1,2,2,1,1
4,140,2,7,4,5,2
4,141,5,4,4,-1,-1
4,142,7,3,5,-4,-2
4,143,4,6,5,2,1
4,144,8,5,6,-3,-2
4,145,2,6,4,4,2
4,146,2,4,3,2,1
4,147,3,4,4,1,1
4,148,5,1,3,-4,-2
4,149,6,1,4,-5,-2
4,150,7,7,7,0,0
4,151,3,1,2,-2,-1
4,152,5,1,3,-4,-2
4,153,7,8,8,1,1
5,1,7,4,6,-3,-1
5,2,4,8,6,4,2
5,3,4,7,6,3,2
5,4,5,7,6,2,1
5,5,8,3,6,-5,-2
5,6,5,6,6,1,1
5,7,2,2,2,0,0
5,8,8,6,7,-2,-1
5,9,4,2,3,-2,-1
5,10,6,6,6,0,0
5,11,6,4,5,-2,-1
5,12,7,7,7,0,0
5,13,7,1,4,-6,-3
5,14,6,5,6,-1,0
5,15,4,4,4,0,0
5,16,5,3,4,-2,-1
5,17,3,8,6,5,3
5,18,3,8,6,5,3
5,19,6,7,6,1,0
5,20,6,2,4,-4,-2
5,21,8,5,6,-3,-2
5,22,7,1,4,-6,-3
5,23,4,6,5,2,1
5,24,6,1,4,-5,-2
5,25,4,3,4,-1,0
5,26,6,2,4,-4,-2
5,27,5,7,6,2,1
5,28,5,8,6,3,1
5,29,4,6,5,2,1
5,30,5,7,6,2,1
5,31,3,7,5,4,2
5,32,6,3,4,-3,-2
5,33,3,1,2,-2,-1
5,34,1,8,4,7,3
5,35,3,2,2,-1,-1
5,36,6,2,4,-4,-2
5,37,6,6,6,0,0
5,38,8,4,6,-4,-2
5,39,6,3,4,-3,-2
5,40,1,3,2,2,1
5,41,5,7,6,2,1
5,42,3,8,6,5,3
5,43,6,4,5,-2,-1
5,44,4,4,4,0,0
5,45,6,1,4,-5,-2
5,46,5,4,4,-1,-1
5,47,4,1,2,-3,-2
5,48,2,7,4,5,2
5,49,5,6,6,1,1
5,50,4,2,3,-2,-1
5,51,1,8,4,7,3
5,52,4,8,6,4,2
5,53,6,8,7,2,1
5,54,8,3,6,-5,-2
5,55,4,8,6,4,2
5,56,8,4,6,-4,-2
5,57,5,8,6,3,1
5,58,8,3,6,-5,-2
5,59,8,5,6,-3,-2
5,60,5,6,6,1,1
5,61,8,1,4,-7,-4
5,62,5,7,6,2,1
5,63,6,3,4,-3,-2
5,64,3,1,2,-2,-1
5,65,4,7,6,3,2
5,66,3,4,4,1,1
5,67,8,3,6,-5,-2
5,68,1,2,2,1,1
5,69,2,2,2,0,0
5,70,5,3,4,-2,-1
5,71,7,4,6,-3,-1
5,72,4,7,6,3,2
5,73,2,2,2,0,0
5,74,8,3,6,-5,-2
5,75,5,7,6,2,1
5,76,1,3,2,2,1
5,77,2,7,4,5,2
5,78,1,6,4,5,3
5,79,8,7,8,-1,0
5,80,3,8,6,5,3
5,81,7,1,4,-6,-3
5,82,2,8,5,6,3
5,83,8,6,7,-2,-1
5,84,7,3,5,-4,-2
5,85,8,3,6,-5,-2
5,86,2,1,2,-1,0
5,87,5,3,4,-2,-1
5,88,2,1,2,-1,0
5,89,3,6,4,3,1
5,90,5,4,4,-1,-1
5,91,8,8,8,0,0
5,92,5,3,4,-2,-1
5,93,5,2,4,-3,-1
5,94,7,2,4,-5,-3
5,95,3,5,4,2,1
5,96,4,1,2,-3,-2
5,97,5,1,3,-4,-2
5,98,6,2,4,-4,-2
5,99,1,2,2,1,1
5,100,2,6,4,4,2
5,101,7,4,6,-3,-1
5,102,6,7,6,1,0
5,103,3,7,5,4,2
5,104,2,6,4,4,2
5,105,6,1,4,-5,-2
5,106,4,1,2,-3,-2
5,107,1,3,2,2,1
5,108,2,5,4,3,2
5,109,6,5,6,-1,0
5,110,8,4,6,-4,-2
5,111,1,5,3,4,2
5,112,4,8,6,4,2
5,113,4,3,4,-1,0
5,114,2,4,3,2,1
5,115,4,1,2,-3,-2
5,116,8,3,6,-5,-2
5,117,1,1,1,0,0
5,118,6,1,4,-5,-2
5,119,5,5,5,0,0
5,120,6,4,5,-2,-1
5,121,6,3,4,-3,-2
5,122,4,4,4,0,0
5,123,6,1,4,-5,-2
5,124,6,4,5,-2,-1
5,125,6,7,6,1,0
5,126,8,4,6,-4,-2
5,127,5,3,4,-2,-1
5,128,7,5,6,-2,-1
5,129,5,7,6,2,1
5,130,6,6,6,0,0
5,131,6,7,6,1,0
5,132,6,5,6,-1,0
5,133,1,4,2,3,1
5,134,6,6,6,0,0
5,135,2,3,2,1,0
5,136,7,1,4,-6,-3
5,137,7,2,4,-5,-3
5,138,4,7,6,3,2
5,139,6,7,6,1,0
5,140,3,1,2,-2,-1
5,141,8,3,6,-5,-2
5,142,7,4,6,-3,-1
5,143,4,1,2,-3,-2
5,144,1,3,2,2,1
5,145,5,4,4,-1,-1
5,146,1,2,2,1,1
5,147,5,3,4,-2,-1
5,148,1,2,2,1,1
5,149,1,1,1,0,0
5,150,3,8,6,5,3
5,151,6,5,6,-1,0
5,152,5,8,6,3,1
5,153,5,3,4,-2,-1
6,1,3,7,5,4,2
6,2,6,8,7,2,1
6,3,4,4,4,0,0
6,4,2,7,4,5,2
6,5,1,4,2,3,1
6,6,8,3,6,-5,-2
6,7,5,6,6,1,1
6,8,8,3,6,-5,-2
6,9,2,8,5,6,3
6,10,8,2,5,-6,-3
6,11,1,5,3,4,2
6,12,7,2,4,-5,-3
6,13,6,5,6,-1,0
6,14,7,1,4,-6,-3
6,15,8,8,8,0,0
6,16,3,8,6,5,3
6,17,3,5,4,2,1
6,18,1,5,3,4,2
6,19,2,4,3,2,1
6,20,8,6,7,-2,-1
6,21,2,4,3,2,1
6,22,1,5,3,4,2
6,23,1,8,4,7,3
6,24,4,2,3,-2,-1
6,25,4,8,6,4,2
6,26,8,7,8,-1,0
6,27,4,7,6,3,2
6,28,4,8,6,4,2
6,29,8,8,8,0,0
6,30,8,6,7,-2,-1
6,31,5,6,6,1,1
6,32,8,8,8,0,0
6,33,7,4,6,-3,-1
6,34,3,4,4,1,1
6,35,4,3,4,-1,0
6,36,3,4,4,1,1
6,37,1,1,1,0,0
6,38,2,3,2,1,0
6,39,4,8,6,4,2
6,40,4,2,3,-2,-1
6,41,6,1,4,-5,-2
6,42,6,1,4,-5,-2
6,43,4,3,4,-1,0
6,44,5,5,5,0,0
6,45,2,7,4,5,2
6,46,7,2,4,-5,-3
6,47,6,2,4,-4,-2
6,48,8,7,8,-1,0
6,49,4,8,6,4,2
6,50,2,2,2,0,0
6,51,8,3,6,-5,-2
6,52,6,2,4,-4,-2
6,53,6,2,4,-4,-2
6,54,2,6,4,4,2
6,55,2,3,2,1,0
6,56,7,5,6,-2,-1
6,57,4,4,4,0,0
6,58,6,4,5,-2,-1
6,59,4,8,6,4,2
6,60,7,6,6,-1,-1
6,61,2,6,4,4,2
6,62,2,3,2,1,0
6,63,1,2,2,1,1
6,64,3,5,4,2,1
6,65,7,2,4,-5,-3
6,66,3,4,4,1,1
6,67,7,4,6,-3,-1
6,68,8,2,5,-6,-3
6,69,1,5,3,4,2
6,70,5,3,4,-2,-1
6,71,7,5,6,-2,-1
6,72,3,2,2,-1,-1
6,73,1,2,2,1,1
6,74,3,8,6,5,3
6,75,1,1,1,0,0
6,76,4,8,6,4,2
6,77,7,2,4,-5,-3
6,78,5,8,6,3,1
6,79,6,1,4,-5,-2
6,80,2,5,4,3,2
6,81,8,7,8,-1,0
6,82,8,7,8,-1,0
6,83,2,3,2,1,0
6,84,5,2,4,-3,-1
6,85,8,5,6,-3,-2
6,86,1,7,4,6,3
6,87,8,2,5,-6,-3
6,88,6,2,4,-4,-2
6,89,4,8,6,4,2
6,90,1,1,1,0,0
6,91,1,5,3,4,2
6,92,7,7,7,0,0
6,93,8,5,6,-3,-2
6,94,8,3,6,-5,-2
6,95,7,2,4,-5,-3
6,96,7,8,8,1,1
6,97,2,7,4,5,2
6,98,2,2,2,0,0
6,99,8,7,8,-1,0
6,100,5,5,5,0,0
6,101,3,7,5,4,2
6,102,4,8,6,4,2
6,103,1,8,4,7,3
6,104,5,5,5,0,0
6,105,4,3,4,-1,0
6,106,1,4,2,3,1
6,107,1,6,4,5,3
6,108,7,1,4,-6,-3
6,109,6,6,6,0,0
6,110,7,4,6,-3,-1
6,111,4,1,2,-3,-2
6,112,1,7,4,6,3
6,113,8,2,5,-6,-3
6,114,3,7,5,4,2
6,115,8,1,4,-7,-4
6,116,1,6,4,5,3
6,117,4,3,4,-1,0
6,118,5,5,5,0,0
6,119,7,5,6,-2,-1
6,120,3,8,6,5,3
6,121,4,1,2,-3,-2
6,122,7,4,6,-3,-1
6,123,1,5,3,4,2
6,124,6,3,4,-3,-2
6,125,4,5,4,1,0
6,126,1,1,1,0,0
6,127,1,2,2,1,1
6,128,7,8,8,1,1
6,129,2,8,5,6,3
6,130,2,8,5,6,3
6,131,2,3,2,1,0
6,132,6,8,7,2,1
6,133,6,5,6,-1,0
6,134,3,6,4,3,1
6,135,8,1,4,-7,-4
6,136,3,2,2,-1,-1
6,137,8,1,4,-7,-4
6,138,1,1,1,0,0
6,139,7,4,6,-3,-1
6,140,4,7,6,3,2
6,141,7,2,4,-5,-3
6,142,4,2,3,-2,-1
6,143,5,5,5,0,0
6,144,6,4,5,-2,-1
6,145,3,1,2,-2,-1
6,146,7,6,6,-1,-1
6,147,8,6,7,-2,-1
6,148,4,8,6,4,2
6,149,2,1,2,-1,0
6,150,5,3,4,-2,-1
6,151,8,3,6,-5,-2
6,152,8,3,6,-5,-2
6,153,1,6,4,5,3
7,1,2,8,5,6,3
7,2,8,5,6,-3,-2
7,3,1,6,4,5,3
7,4,1,4,2,3,1
7,5,3,2,2,-1,-1
7,6,8,4,6,-4,-2
7,7,5,5,5,0,0
7,8,1,3,2,2,1
7,9,3,6,4,3,1
7,10,8,7,8,-1,0
7,11,6,7,6,1,0
7,12,7,5,6,-2,-1
7,13,8,3,6,-5,-2
7,14,7,3,5,-4,-2
7,15,4,2,3,-2,-1
7,16,7,2,4,-5,-3
7,17,5,2,4,-3,-1
7,18,6,4,5,-2,-1
7,19,8,3,6,-5,-2
7,20,8,6,7,-2,-1
7,21,2,8,5,6,3
7,22,5,6,6,1,1
7,23,3,6,4,3,1
7,24,3,4,4,1,1
7,25,2,4,3,2,1
7,26,3,8,6,5,3
7,27,8,2,5,-6,-3
7,28,4,7,6,3,2
7,29,8,2,5,-6,-3
7,30,8,3,6,-5,-2
7,31,6,7,6,1,0
7,32,4,3,4,-1,0
7,33,3,4,4,1,1
7,34,3,4,4,1,1
7,35,8,2,5,-6,-3
7,36,5,7,6,2,1
7,37,6,7,6,1,0
7,38,2,8,5,6,3
7,39,4,8,6,4,2
7,40,3,2,2,-1,-1
7,41,1,6,4,5,3
7,42,3,4,4,1,1
7,43,5,8,6,3,1
7,44,5,1,3,-4,-2
7,45,7,7,7,0,0
7,46,5,5,5,0,0
7,47,4,4,4,0,0
7,48,7,3,5,-4,-2
7,49,1,7,4,6,3
7,50,6,1,4,-5,-2
7,51,2,3,2,1,0
7,52,1,7,4,6,3
7,53,3,2,2,-1,-1
7,54,7,5,6,-2,-1
7,55,3,7,5,4,2
7,56,4,1,2,-3,-2
7,57,2,1,2,-1,0
7,58,6,1,4,-5,-2
7,59,8,6,7,-2,-1
7,60,1,7,4,6,3
7,61,4,6,5,2,1
7,62,5,1,3,-4,-2
7,63,3,7,5,4,2
7,64,2,6,4,4,2
7,65,1,4,2,3,1
7,66,7,5,6,-2,-1
7,67,3,4,4,1,1
7,68,1,6,4,5,3
7,69,3,4,4,1,1
7,70,7,5,6,-2,-1
7,71,2,5,4,3,2
7,72,5,4,4,-1,-1
7,73,3,1,2,-2,-1
7,74,1,1,1,0,0
7,75,2,6,4,4,2
7,76,2,6,4,4,2
7,77,5,2,4,-3,-1
7,78,3,8,6,5,3
7,79,2,8,5,6,3
7,80,8,5,6,-3,-2
7,81,1,1,1,0,0
7,82,8,3,6,-5,-2
7,83,4,4,4,0,0
7,84,3,2,2,-1,-1
7,85,1,5,3,4,2
7,86,2,5,4,3,2
7,87,6,5,6,-1,0
7,88,7,4,6,-3,-1
7,89,8,6,7,-2,-1
7,90,6,6,6,0,0
7,91,3,1,2,-2,-1
7,92,4,7,6,3,2
7,93,1,5,3,4,2
7,94,3,2,2,-1,-1
7,95,1,1,1,0,0
7,96,5,4,4,-1,-1
7,97,1,4,2,3,1
7,98,6,6,6,0,0
7,99,4,1,2,-3,-2
7,100,1,7,4,6,3
7,101,7,4,6,-3,-1
7,102,3,8,6,5,3
7,103,8,7,8,-1,0
7,104,5,5,5,0,0
7,105,4,1,2,-3,-2
7,106,6,1,4,-5,-2
7,107,7,7,7,0,0
7,108,4,7,6,3,2
7,109,5,7,6,2,1
7,110,8,2,5,-6,-3
7,111,5,6,6,1,1
7,112,7,3,5,-4,-2
7,113,6,6,6,0,0
7,114,6,2,4,-4,-2
7,115,3,2,2,-1,-1
7,116,2,7,4,5,2
7,117,1,5,3,4,2
7,118,5,3,4,-2,-1
7,119,2,4,3,2,1
7,120,7,8,8,1,1
7,121,8,7,8,-1,0
7,122,3,8,6,5,3
7,123,2,6,4,4,2
7,124,3,1,2,-2,-1
7,125,2,8,5,6,3
7,126,6,2,4,-4,-2
7,127,8,8,8,0,0
7,128,5,8,6,3,1
7,129,8,6,7,-2,-1
7,130,3,2,2,-1,-1
7,131,8,2,5,-6,-3
7,132,3,4,4,1,1
7,133,4,5,4,1,0
7,134,8,6,7,-2,-1
7,135,3,7,5,4,2
7,136,6,4,5,-2,-1
7,137,2,3,2,1,0
7,138,1,1,1,0,0
7,139,3,8,6,5,3
7,140,7,8,8,1,1
7,141,6,6,6,0,0
7,142,4,3,4,-1,0
7,143,8,4,6,-4,-2
7,144,3,1,2,-2,-1
7,145,4,6,5,2,1
7,146,1,7,4,6,3
7,147,1,4,2,3,1
7,148,1,2,2,1,1
7,149,8,4,6,-4,-2
7,150,2,6,4,4,2
7,151,5,5,5,0,0
7,152,5,8,6,3,1
7,153,7,4,6,-3,-1
8,1,7,5,6,-2,-1
8,2,5,7,6,2,1
8,3,4,5,4,1,0
8,4,6,7,6,1,0
8,5,6,3,4,-3,-2
8,6,5,5,5,0,0
8,7,5,1,3,-4,-2
8,8,2,8,5,6,3
8,9,4,3,4,-1,0
8,10,5,4,4,-1,-1
8,11,7,1,4,-6,-3
8,12,2,3,2,1,0
8,13,5,4,4,-1,-1
8,14,7,1,4,-6,-3
8,15,4,1,2,-3,-2
8,16,4,1,2,-3,-2
8,17,7,1,4,-6,-3
8,18,5,2,4,-3,-1
8,19,5,4,4,-1,-1
8,20,3,3,3,0,0
8,21,2,4,3,2,1
8,22,3,1,2,-2,-1
8,23,8,5,6,-3,-2
8,24,5,1,3,-4,-2
8,25,5,8,6,3,1
8,26,2,7,4,5,2
8,27,2,6,4,4,2
8,28,8,7,8,-1,0
8,29,5,2,4,-3,-1
8,30,6,1,4,-5,-2
8,31,2,8,5,6,3
8,32,2,8,5,6,3
8,33,7,4,6,-3,-1
8,34,7,4,6,-3,-1
8,35,4,5,4,1,0
8,36,6,6,6,0,0
8,37,1,3,2,2,1
8,38,7,5,6,-2,-1
8,39,5,1,3,-4,-2
8,40,6,5,6,-1,0
8,41,4,1,2,-3,-2
8,42,3,7,5,4,2
8,43,8,8,8,0,0
8,44,8,8,8,0,0
8,45,8,3,6,-5,-2
8,46,6,7,6,1,0
8,47,6,5,6,-1,0
8,48,7,6,6,-1,-1
8,49,8,4,6,-4,-2
8,50,6,5,6,-1,0
8,51,2,5,4,3,2
8,52,3,8,6,5,3
8,53,1,4,2,3,1
8,54,1,3,2,2,1
8,55,6,4,5,-2,-1
8,56,5,2,4,-3,-1
8,57,4,3,4,-1,0
8,58,1,7,4,6,3
8,59,2,1,2,-1,0
8,60,2,5,4,3,2
8,61,5,5,5,0,0
8,62,7,5,6,-2,-1
8,63,6,2,4,-4,-2
8,64,6,7,6,1,0
8,65,8,7,8,-1,0
8,66,8,1,4,-7,-4
8,67,1,2,2,1,1
8,68,3,2,2,-1,-1
8,69,1,3,2,2,1
8,70,1,3,2,2,1
8,71,4,6,5,2,1
8,72,2,8,5,6,3
8,73,6,3,4,-3,-2
8,74,2,8,5,6,3
8,75,4,1,2,-3,-2
8,76,3,4,4,1,1
8,77,8,7,8,-1,0
8,78,4,8,6,4,2
8,79,3,4,4,1,1
8,80,2,6,4,4,2
8,81,7,7,7,0,0
8,82,5,4,4,-1,-1
8,83,4,6,5,2,1
8,84,1,7,4,6,3
8,85,5,8,6,3,1
8,86,4,3,4,-1,0
8,87,5,3,4,-2,-1
8,88,7,2,4,-5,-3
8,89,5,4,4,-1,-1
8,90,3,1,2,-2,-1
8,91,3,7,5,4,2
8,92,4,7,6,3,2
8,93,2,4,3,2,1
8,94,4,8,6,4,2
8,95,6,3,4,-3,-2
8,96,2,2,2,0,0
8,97,3,6,4,3,1
8,98,4,7,6,3,2
8,99,3,8,6,5,3
8,100,7,8,8,1,1
8,101,2,3,2,1,0
8,102,5,6,6,1,1
8,103,1,7,4,6,3
8,104,4,4,4,0,0
8,105,7,3,5,-4,-2
8,106,2,6,4,4,2
8,107,8,1,4,-7,-4
8,108,7,8,8,1,1
8,109,3,1,2,-2,-1
8,110,6,4,5,-2,-1
8,111,5,2,4,-3,-1
8,112,5,7,6,2,1
8,113,1,1,1,0,0
8,114,3,7,5,4,2
8,115,3,5,4,2,1
8,116,2,5,4,3,2
8,117,4,8,6,4,2
8,118,7,3,5,-4,-2
8,119,5,1,3,-4,-2
8,120,5,4,4,-1,-1
8,121,8,2,5,-6,-3
8,122,4,1,2,-3,-2
8,123,2,5,4,3,2
8,124,2,5,4,3,2
8,125,8,5,6,-3,-2
8,126,4,5,4,1,0
8,127,6,1,4,-5,-2
8,128,1,1,1,0,0
8,129,5,5,5,0,0
8,130,1,6,4,5,3
8,131,5,1,3,-4,-2
8,132,7,2,4,-5,-3
8,133,8,7,8,-1,0
8,134,7,7,7,0,0
8,135,7,5,6,-2,-1
8,136,4,8,6,4,2
8,137,3,3,3,0,0
8,138,8,2,5,-6,-3
8,139,2,5,4,3,2
8,140,4,1,2,-3,-2
8,141,7,3,5,-4,-2
8,142,2,4,3,2,1
8,143,5,3,4,-2,-1
8,144,4,1,2,-3,-2
8,145,3,4,4,1,1
8,146,8,8,8,0,0
8,147,8,7,8,-1,0
8,148,7,2,4,-5,-3
8,149,4,8,6,4,2
8,150,7,1,4,-6,-3
8,151,4,2,3,-2,-1
8,152,6,7,6,1,0
8,153,2,3,2,1,0
9,1,8,1,4,-7,-4
9,2,4,3,4,-1,0
9,3,3,1,2,-2,-1
9,4,2,4,3,2,1
9,5,8,5,6,-3,-2
9,6,3,1,2,-2,-1
9,7,5,6,6,1,1
9,8,4,1,2,-3,-2
9,9,1,5,3,4,2
9,10,4,8,6,4,2
9,11,2,2,2,0,0
9,12,5,4,4,-1,-1
9,13,3,1,2,-2,-1
9,14,2,8,5,6,3
9,15,6,3,4,-3,-2
9,16,3,2,2,-1,-1
9,17,2,2,2,0,0
9,18,3,2,2,-1,-1
9,19,7,8,8,1,1
9,20,8,7,8,-1,0
9,21,1,2,2,1,1
9,22,4,4,4,0,0
9,23,4,1,2,-3,-2
9,24,1,2,2,1,1
9,25,4,5,4,1,0
9,26,3,4,4,1,1
9,27,4,5,4,1,0
9,28,6,5,6,-1,0
9,29,6,4,5,-2,-1
9,30,8,3,6,-5,-2
9,31,2,5,4,3,2
9,32,2,4,3,2,1
9,33,1,5,3,4,2
9,34,3,2,2,-1,-1
9,35,1,2,2,1,1
9,36,1,2,2,1,1
9,37,2,8,5,6,3
9,38,7,8,8,1,1
9,39,2,7,4,5,2
9,40,7,3,5,-4,-2
9,41,3,1,2,-2,-1
9,42,3,5,4,2,1
9,43,1,5,3,4,2
9,44,1,3,2,2,1
9,45,8,7,8,-1,0
9,46,7,5,6,-2,-1
9,47,5,4,4,-1,-1
9,48,5,7,6,2,1
9,49,5,8,6,3,1
9,50,6,7,6,1,0
9,51,7,6,6,-1,-1
9,52,8,8,8,0,0
9,53,2,1,2,-1,0
9,54,3,1,2,-2,-1
9,55,4,4,4,0,0
9,56,6,2,4,-4,-2
9,57,6,2,4,-4,-2
9,58,2,4,3,2,1
9,59,3,3,3,0,0
9,60,8,1,4,-7,-4
9,61,2,5,4,3,2
9,62,5,5,5,0,0
9,63,3,2,2,-1,-1
9,64,7,1,4,-6,-3
9,65,7,3,5,-4,-2
9,66,2,6,4,4,2
9,67,6,5,6,-1,0
9,68,1,4,2,3,1
9,69,7,4,6,-3,-1
9,70,2,5,4,3,2
9,71,7,3,5,-4,-2
9,72,1,6,4,5,3
9,73,2,6,4,4,2
9,74,8,6,7,-2,-1
9,75,5,6,6,1,1
9,76,4,8,6,4,2
9,77,2,1,2,-1,0
9,78,3,4,4,1,1
9,79,7,5,6,-2,-1
9,80,7,4,6,-3,-1
9,81,4,3,4,-1,0
9,82,7,8,8,1,1
9,83,1,2,2,1,1
9,84,5,5,5,0,0
9,85,8,8,8,0,0
9,86,8,3,6,-5,-2
9,87,4,8,6,4,2
9,88,6,5,6,-1,0
9,89,2,3,2,1,0
9,90,3,1,2,-2,-1
9,91,4,3,4,-1,0
9,92,5,8,6,3,1
9,93,6,2,4,-4,-2
9,94,6,5,6,-1,0
9,95,6,7,6,1,0
9,96,3,4,4,1,1
9,97,7,5,6,-2,-1
9,98,2,1,2,-1,0
9,99,7,7,7,0,0
9,100,2,6,4,4,2
9,101,8,4,6,-4,-2
9,102,6,3,4,-3,-2
9,103,7,5,6,-2,-1
9,104,5,4,4,-1,-1
9,105,4,2,3,-2,-1
9,106,1,1,1,0,0
9,107,8,6,7,-2,-1
9,108,6,4,5,-2,-1
9,109,6,4,5,-2,-1
9,110,3,4,4,1,1
9,111,6,4,5,-2,-1
9,112,5,6,6,1,1
9,113,4,3,4,-1,0
9,114,1,6,4,5,3
9,115,7,3,5,-4,-2
9,116,2,5,4,3,2
9,117,8,2,5,-6,-3
9,118,3,8,6,5,3
9,119,4,5,4,1,0
9,120,4,1,2,-3,-2
9,121,6,2,4,-4,-2
9,122,7,1,4,-6,-3
9,123,1,6,4,5,3
9,124,3,4,4,1,1
9,125,2,5,4,3,2
9,126,3,6,4,3,1
9,127,7,7,7,0,0
9,128,7,8,8,1,1
9,129,5,7,6,2,1
9,130,8,4,6,-4,-2
9,131,4,8,6,4,2
9,132,3,3,3,0,0
9,133,4,4,4,0,0
9,134,2,3,2,1,0
9,135,1,7,4,6,3
9,136,8,2,5,-6,-3
9,137,7,6,6,-1,-1
9,138,3,2,2,-1,-1
9,139,4,6,5,2,1
9,140,4,2,3,-2,-1
9,141,2,5,4,3,2
9,142,1,7,4,6,3
9,143,8,4,6,-4,-2
9,144,3,7,5,4,2
9,145,4,5,4,1,0
9,146,1,1,1,0,0
9,147,1,3,2,2,1
9,148,6,6,6,0,0
9,149,4,8,6,4,2
9,150,8,4,6,-4,-2
9,151,6,4,5,-2,-1
9,152,1,2,2,1,1
9,153,3,4,4,1,1
10,1,1,3,2,2,1
10,2,4,8,6,4,2
10,3,5,3,4,-2,-1
10,4,8,5,6,-3,-2
10,5,4,8,6,4,2
10,6,4,3,4,-1,0
10,7,7,3,5,-4,-2
10,8,4,2,3,-2,-1
10,9,5,6,6,1,1
10,10,3,2,2,-1,-1
10,11,5,2,4,-3,-1
10,12,6,6,6,0,0
10,13,1,1,1,0,0
10,14,3,6,4,3,1
10,15,3,1,2,-2,-1
10,16,6,1,4,-5,-2
10,17,5,6,6,1,1
10,18,5,1,3,-4,-2
10,19,8,7,8,-1,0
10,20,3,3,3,0,0
10,21,8,6,7,-2,-1
10,22,6,7,6,1,0
10,23,1,2,2,1,1
10,24,6,1,4,-5,-2
10,25,8,2,5,-6,-3
10,26,3,3,3,0,0
10,27,1,2,2,1,1
10,28,5,3,4,-2,-1
10,29,4,3,4,-1,0
10,30,1,6,4,5,3
10,31,2,2,2,0,0
10,32,1,6,4,5,3
10,33,4,3,4,-1,0
10,34,4,2,3,-2,-1
10,35,5,6,6,1,1
10,36,6,4,5,-2,-1
10,37,4,8,6,4,2
10,38,2,7,4,5,2
10,39,4,7,6,3,2
10,40,1,7,4,6,3
10,41,3,6,4,3,1
10,42,5,5,5,0,0
10,43,8,6,7,-2,-1
10,44,6,7,6,1,0
10,45,1,2,2,1,1
10,46,5,8,6,3,1
10,47,1,7,4,6,3
10,48,3,3,3,0,0
10,49,2,6,4,4,2
10,50,1,4,2,3,1
10,51,4,5,4,1,0
10,52,7,4,6,-3,-1
10,53,6,3,4,-3,-2
10,54,7,8,8,1,1
10,55,7,6,6,-1,-1
10,56,6,1,4,-5,-2
10,57,6,7,6,1,0
10,58,7,5,6,-2,-1
10,59,4,8,6,4,2
10,60,7,3,5,-4,-2
10,61,8,5,6,-3,-2
10,62,7,1,4,-6,-3
10,63,4,8,6,4,2
10,64,7,1,4,-6,-3
10,65,3,7,5,4,2
10,66,1,7,4,6,3
10,67,6,5,6,-1,0
10,68,2,4,3,2,1
10,69,3,4,4,1,1
10,70,7,4,6,-3,-1
10,71,8,2,5,-6,-3
10,72,3,7,5,4,2
10,73,1,4,2,3,1
10,74,2,8,5,6,3
10,75,5,8,6,3,1
10,76,3,4,4,1,1
10,77,8,1,4,-7,-4
10,78,4,4,4,0,0
10,79,6,8,7,2,1
10,80,7,5,6,-2,-1
10,81,2,4,3,2,1
10,82,8,8,8,0,0
10,83,6,4,5,-2,-1
10,84,8,7,8,-1,0
10,85,5,4,4,-1,-1
10,86,1,2,2,1,1
10,87,2,3,2,1,0
10,88,8,8,8,0,0
10,89,4,6,5,2,1
10,90,5,5,5,0,0
10,91,5,2,4,-3,-1
10,92,3,7,5,4,2
10,93,6,2,4,-4,-2
10,94,4,8,6,4,2
10,95,2,8,5,6,3
10,96,5,1,3,-4,-2
10,97,5,8,6,3,1
10,98,7,8,8,1,1
10,99,4,3,4,-1,0
10,100,6,7,6,1,0
10,101,4,4,4,0,0
10,102,6,7,6,1,0
10,103,6,3,4,-3,-2
10,104,2,2,2,0,0
10,105,6,2,4,-4,-2
10,106,5,5,5,0,0
10,107,7,8,8,1,1
10,108,7,7,7,0,0
10,109,4,6,5,2,1
10,110,2,2,2,0,0
10,111,4,4,4,0,0
10,112,8,2,5,-6,-3
10,113,2,3,2,1,0
10,114,8,3,6,-5,-2
10,115,2,5,4,3,2
10,116,1,5,3,4,2
10,117,4,6,5,2,1
10,118,4,3,4,-1,0
10,119,4,4,4,0,0
10,120,5,1,3,-4,-2
10,121,3,1,2,-2,-1
10,122,1,1,1,0,0
10,123,2,3,2,1,0
10,124,5,1,3,-4,-2
10,125,3,4,4,1,1
10,126,8,4,6,-4,-2
10,127,8,8,8,0,0
10,128,7,4,6,-3,-1
10,129,3,1,2,-2,-1
10,130,3,5,4,2,1
10,131,8,2,5,-6,-3
10,132,2,7,4,5,2
10,133,8,4,6,-4,-2
10,134,3,2,2,-1,-1
10,135,8,1,4,-7,-4
10,136,1,2,2,1,1
10,137,5,1,3,-4,-2
10,138,2,3,2,1,0
10,139,4,2,3,-2,-1
10,140,8,7,8,-1,0
10,141,1,1,1,0,0
10,142,2,7,4,5,2
10,143,3,3,3,0,0
10,144,3,8,6,5,3
10,145,3,4,4,1,1
10,146,2,8,5,6,3
10,147,2,6,4,4,2
10,148,6,3,4,-3,-2
10,149,3,3,3,0,0
10,150,2,4,3,2,1
10,151,2,3,2,1,0
10,152,4,3,4,-1,0
10,153,4,4,4,0,0
11,1,1,4,2,3,1
11,2,5,6,6,1,1
11,3,1,7,4,6,3
11,4,3,4,4,1,1
11,5,8,5,6,-3,-2
11,6,2,5,4,3,2
11,7,6,4,5,-2,-1
11,8,4,3,4,-1,0
11,9,2,5,4,3,2
11,10,8,2,5,-6,-3
11,11,8,2,5,-6,-3
11,12,5,6,6,1,1
11,13,8,5,6,-3,-2
11,14,7,6,6,-1,-1
11,15,7,8,8,1,1
11,16,1,2,2,1,1
11,17,1,5,3,4,2
11,18,4,1,2,-3,-2
11,19,1,4,2,3,1
11,20,8,3,6,-5,-2
11,21,8,8,8,0,0
11,22,5,2,4,-3,-1
11,23,3,1,2,-2,-1
11,24,5,3,4,-2,-1
11,25,5,2,4,-3,-1
11,26,3,1,2,-2,-1
11,27,7,7,7,0,0
11,28,5,8,6,3,1
11,29,2,2,2,0,0
11,30,6,3,4,-3,-2
11,31,6,2,4,-4,-2
11,32,3,3,3,0,0
11,33,4,3,4,-1,0
11,34,6,3,4,-3,-2
11,35,7,5,6,-2,-1
11,36,2,5,4,3,2
11,37,8,1,4,-7,-4
11,38,4,7,6,3,2
11,39,8,4,6,-4,-2
11,40,3,1,2,-2,-1
11,41,2,5,4,3,2
11,42,4,8,6,4,2
11,43,5,6,6,1,1
11,44,7,3,5,-4,-2
11,45,5,6,6,1,1
11,46,2,7,4,5,2
11,47,4,2,3,-2,-1
11,48,7,7,7,0,0
11,49,6,6,6,0,0
11,50,7,8,8,1,1
11,51,7,4,6,-3,-1
11,52,5,5,5,0,0
11,53,8,4,6,-4,-2
11,54,8,1,4,-7,-4
11,55,6,2,4,-4,-2
11,56,4,2,3,-2,-1
11,57,4,3,4,-1,0
11,58,6,4,5,-2,-1
11,59,5,7,6,2,1
11,60,2,2,2,0,0
11,61,5,7,6,2,1
11,62,6,6,6,0,0
11,63,5,8,6,3,1
11,64,8,7,8,-1,0
11,65,6,3,4,-3,-2
11,66,7,4,6,-3,-1
11,67,2,8,5,6,3
11,68,5,5,5,0,0
11,69,8,8,8,0,0
11,70,1,8,4,7,3
11,71,3,6,4,3,1
11,72,8,3,6,-5,-2
11,73,6,2,4,-4,-2
11,74,5,2,4,-3,-1
11,75,7,1,4,-6,-3
11,76,6,7,6,1,0
11,77,6,5,6,-1,0
11,78,1,2,2,1,1
11,79,7,6,6,-1,-1
11,80,8,8,8,0,0
11,81,5,4,4,-1,-1
11,82,1,8,4,7,3
11,83,4,5,4,1,0
11,84,3,5,4,2,1
11,85,3,8,6,5,3
11,86,1,7,4,6,3
11,87,4,5,4,1,0
11,88,5,6,6,1,1
11,89,4,3,4,-1,0
11,90,8,3,6,-5,-2
11,91,2,1,2,-1,0
11,92,4,4,4,0,0
11,93,8,5,6,-3,-2
11,94,6,6,6,0,0
11,95,4,7,6,3,2
11,96,8,7,8,-1,0
11,97,3,6,4,3,1
11,98,4,4,4,0,0
11,99,5,1,3,-4,-2
11,100,2,8,5,6,3
11,101,5,7,6,2,1
11,102,4,1,2,-3,-2
11,103,2,8,5,6,3
11,104,2,2,2,0,0
11,105,1,2,2,1,1
11,106,5,7,6,2,1
11,107,6,2,4,-4,-2
11,108,6,2,4,-4,-2
11,109,1,6,4,5,3
11,110,1,6,4,5,3
11,111,8,6,7,-2,-1
11,112,4,5,4,1,0
11,113,1,5,3,4,2
11,114,6,7,6,1,0
11,115,7,8,8,1,1
11,116,6,4,5,-2,-1
11,117,8,1,4,-7,-4
11,118,1,3,2,2,1
11,119,2,8,5,6,3
11,120,8,1,4,-7,-4
11,121,1,1,1,0,0
11,122,7,2,4,-5,-3
11,123,1,7,4,6,3
11,124,7,4,6,-3,-1
11,125,4,4,4,0,0
11,126,2,6,4,4,2
11,127,5,6,6,1,1
11,128,4,5,4,1,0
11,129,1,2,2,1,1
11,130,4,5,4,1,0
11,131,5,4,4,-1,-1
11,132,1,6,4,5,3
11,133,8,7,8,-1,0
11,134,4,5,4,1,0
11,135,1,2,2,1,1
11,136,6,4,5,-2,-1
11,137,7,1,4,-6,-3
11,138,3,2,2,-1,-1
11,139,5,8,6,3,1
11,140,3,6,4,3,1
11,141,1,6,4,5,3
11,142,3,8,6,5,3
11,143,1,1,1,0,0
11,144,3,6,4,3,1
11,145,2,5,4,3,2
11,146,6,1,4,-5,-2
11,147,4,6,5,2,1
11,148,8,7,8,-1,0
11,149,6,8,7,2,1
11,150,7,7,7,0,0
11,151,2,8,5,6,3
11,152,8,7,8,-1,0
11,153,5,3,4,-2,-1
12,1,5,6,6,1,1
12,2,6,4,5,-2,-1
12,3,1,6,4,5,3
12,4,6,2,4,-4,-2
12,5,3,5,4,2,1
12,6,8,1,4,-7,-4
12,7,2,2,2,0,0
12,8,6,6,6,0,0
12,9,1,3,2,2,1
12,10,8,2,5,-6,-3
12,11,5,5,5,0,0
12,12,8,3,6,-5,-2
12,13,4,4,4,0,0
12,14,6,3,4,-3,-2
12,15,4,2,3,-2,-1
12,16,7,4,6,-3,-1
12,17,1,4,2,3,1
12,18,8,7,8,-1,0
12,19,5,6,6,1,1
12,20,5,6,6,1,1
12,21,5,5,5,0,0
12,22,7,2,4,-5,-3
12,23,4,3,4,-1,0
12,24,6,2,4,-4,-2
12,25,2,5,4,3,2
12,26,6,2,4,-4,-2
12,27,6,8,7,2,1
12,28,2,2,2,0,0
12,29,8,6,7,-2,-1
12,30,6,3,4,-3,-2
12,31,3,7,5,4,2
12,32,7,8,8,1,1
12,33,8,4,6,-4,-2
12,34,7,1,4,-6,-3
12,35,4,5,4,1,0
12,36,5,6,6,1,1
12,37,3,4,4,1,1
12,38,6,6,6,0,0
12,39,5,7,6,2,1
12,40,8,6,7,-2,-1
12,41,5,7,6,2,1
12,42,8,7,8,-1,0
12,43,5,3,4,-2,-1
12,44,1,6,4,5,3
12,45,7,5,6,-2,-1
12,46,2,8,5,6,3
12,47,6,3,4,-3,-2
12,48,7,1,4,-6,-3
12,49,2,2,2,0,0
12,50,6,2,4,-4,-2
12,51,1,3,2,2,1
12,52,4,2,3,-2,-1
12,53,6,2,4,-4,-2
12,54,7,1,4,-6,-3
12,55,8,7,8,-1,0
12,56,4,7,6,3,2
12,57,4,6,5,2,1
12,58,6,1,4,-5,-2
12,59,5,4,4,-1,-1
12,60,1,2,2,1,1
12,61,2,4,3,2,1
12,62,8,4,6,-4,-2
12,63,2,5,4,3,2
12,64,6,6,6,0,0
12,65,1,4,2,3,1
12,66,4,8,6,4,2
12,67,2,6,4,4,2
12,68,5,3,4,-2,-1
12,69,4,8,6,4,2
12,70,1,4,2,3,1
12,71,8,3,6,-5,-2
12,72,7,7,7,0,0
12,73,4,8,6,4,2
12,74,6,3,4,-3,-2
12,75,1,7,4,6,3
12,76,2,6,4,4,2
12,77,7,6,6,-1,-1
12,78,6,2,4,-4,-2
12,79,1,5,3,4,2
12,80,2,8,5,6,3
12,81,5,8,6,3,1
12,82,5,7,6,2,1
12,83,7,2,4,-5,-3
12,84,4,6,5,2,1
12,85,3,7,5,4,2
12,86,5,5,5,0,0
12,87,2,5,4,3,2
12,88,5,8,6,3,1
12,89,8,2,5,-6,-3
12,90,7,7,7,0,0
12,91,5,2,4,-3,-1
12,92,8,8,8,0,0
12,93,4,3,4,-1,0
12,94,5,6,6,1,1
12,95,8,7,8,-1,0
12,96,3,1,2,-2,-1
12,97,2,6,4,4,2
12,98,7,4,6,-3,-1
12,99,3,7,5,4,2
12,100,5,2,4,-3,-1
12,101,2,3,2,1,0
12,102,5,2,4,-3,-1
12,103,8,2,5,-6,-3
12,104,4,5,4,1,0
12,105,5,6,6,1,1
12,106,6,8,7,2,1
12,107,7,4,6,-3,-1
12,108,2,5,4,3,2
12,109,3,7,5,4,2
12,110,2,2,2,0,0
12,111,3,5,4,2,1
12,112,2,4,3,2,1
12,113,7,7,7,0,0
12,114,6,8,7,2,1
12,115,3,2,2,-1,-1
12,116,2,6,4,4,2
12,117,8,5,6,-3,-2
12,118,7,4,6,-3,-1
12,119,1,6,4,5,3
12,120,3,2,2,-1,-1
12,121,4,4,4,0,0
12,122,8,3,6,-5,-2
12,123,7,6,6,-1,-1
12,124,2,7,4,5,2
12,125,3,2,2,-1,-1
12,126,4,8,6,4,2
12,127,8,6,7,-2,-1
12,128,3,4,4,1,1
12,129,1,4,2,3,1
12,130,2,3,2,1,0
12,131,5,1,3,-4,-2
12,132,4,6,5,2,1
12,133,3,1,2,-2,-1
12,134,7,6,6,-1,-1
12,135,2,5,4,3,2
12,136,6,3,4,-3,-2
12,137,5,8,6,3,1
12,138,2,4,3,2,1
12,139,2,4,3,2,1
12,140,7,4,6,-3,-1
12,141,6,8,7,2,1
12,142,2,4,3,2,1
12,143,3,7,5,4,2
12,144,3,7,5,4,2
12,145,8,5,6,-3,-2
12,146,6,3,4,-3,-2
12,147,4,2,3,-2,-1
12,148,4,6,5,2,1
12,149,5,7,6,2,1
12,150,2,6,4,4,2
12,151,2,1,2,-1,0
12,152,5,6,6,1,1
12,153,7,4,6,-3,-1
13,1,7,1,4,-6,-3
13,2,1,7,4,6,3
13,3,8,7,8,-1,0
13,4,1,1,1,0,0
13,5,5,5,5,0,0
13,6,8,3,6,-5,-2
13,7,1,1,1,0,0
13,8,6,6,6,0,0
13,9,4,7,6,3,2
13,10,5,4,4,-1,-1
13,11,4,5,4,1,0
13,12,6,6,6,0,0
13,13,7,1,4,-6,-3
13,14,4,4,4,0,0
13,15,8,8,8,0,0
13,16,1,8,4,7,3
13,17,2,3,2,1,0
13,18,3,3,3,0,0
13,19,5,2,4,-3,-1
13,20,3,2,2,-1,-1
13,21,7,2,4,-5,-3
13,22,1,8,4,7,3
13,23,1,4,2,3,1
13,24,8,7,8,-1,0
13,25,3,3,3,0,0
13,26,8,8,8,0,0
13,27,8,2,5,-6,-3
13,28,3,6,4,3,1
13,29,1,6,4,5,3
13,30,2,7,4,5,2
13,31,1,4,2,3,1
13,32,2,5,4,3,2
13,33,3,8,6,5,3
13,34,8,5,6,-3,-2
13,35,4,8,6,4,2
13,36,4,6,5,2,1
13,37,5,6,6,1,1
13,38,6,3,4,-3,-2
13,39,7,8,8,1,1
13,40,2,2,2,0,0
13,41,7,7,7,0,0
13,42,5,6,6,1,1
13,43,2,7,4,5,2
13,44,2,2,2,0,0
13,45,1,6,4,5,3
13,46,2,8,5,6,3
13,47,8,2,5,-6,-3
13,48,3,8,6,5,3
13,49,1,4,2,3,1
13,50,1,1,1,0,0
13,51,2,7,4,5,2
13,52,2,6,4,4,2
13,53,1,3,2,2,1
13,54,3,2,2,-1,-1
13,55,6,3,4,-3,-2
13,56,5,8,6,3,1
13,57,3,5,4,2,1
13,58,4,7,6,3,2
13,59,6,5,6,-1,0
13,60,5,1,3,-4,-2
13,61,6,8,7,2,1
13,62,6,6,6,0,0
13,63,5,4,4,-1,-1
13,64,6,5,6,-1,0
13,65,5,7,6,2,1
13,66,4,4,4,0,0
13,67,3,7,5,4,2
13,68,1,5,3,4,2
13,69,6,8,7,2,1
13,70,1,7,4,6,3
13,71,3,6,4,3,1
13,72,2,3,2,1,0
13,73,3,2,2,-1,-1
13,74,7,5,6,-2,-1
13,75,6,4,5,-2,-1
13,76,3,8,6,5,3
13,77,4,8,6,4,2
13,78,5,1,3,-4,-2
13,79,2,7,4,5,2
13,80,4,5,4,1,0
13,81,4,8,6,4,2
13,82,7,6,6,-1,-1
13,83,6,4,5,-2,-1
13,84,8,6,7,-2,-1
13,85,7,4,6,-3,-1
13,86,7,8,8,1,1
13,87,4,5,4,1,0
13,88,7,4,6,-3,-1
13,89,1,2,2,1,1
13,90,5,3,4,-2,-1
13,91,2,5,4,3,2
13,92,2,1,2,-1,0
13,93,3,3,3,0,0
13,94,1,1,1,0,0
13,95,5,1,3,-4,-2
13,96,2,6,4,4,2
13,97,2,2,2,0,0
13,98,2,3,2,1,0
13,99,4,6,5,2,1
13,100,5,2,4,-3,-1
13,101,4,1,2,-3,-2
13,102,6,4,5,-2,-1
13,103,1,1,1,0,0
13,104,7,4,6,-3,-1
13,105,1,6,4,5,3
13,106,6,6,6,0,0
13,107,2,4,3,2,1
13,108,2,7,4,5,2
13,109,5,3,4,-2,-1
13,110,5,4,4,-1,-1
13,111,3,7,5,4,2
13,112,2,8,5,6,3
13,113,2,6,4,4,2
13,114,5,4,4,-1,-1
13,115,1,2,2,1,1
13,116,2,1,2,-1,0
13,117,8,5,6,-3,-2
13,118,5,8,6,3,1
13,119,8,8,8,0,0
13,120,3,1,2,-2,-1
13,121,6,8,7,2,1
13,122,6,7,6,1,0
13,123,8,6,7,-2,-1
13,124,6,5,6,-1,0
13,125,2,6,4,4,2
13,126,5,6,6,1,1
13,127,7,2,4,-5,-3
13,128,4,6,5,2,1
13,129,7,1,4,-6,-3
13,130,2,4,3,2,1
13,131,5,2,4,-3,-1
13,132,4,8,6,4,2
13,133,1,8,4,7,3
13,134,8,4,6,-4,-2
13,135,3,1,2,-2,-1
13,136,3,2,2,-1,-1
13,137,4,7,6,3,2
13,138,1,6,4,5,3
13,139,4,6,5,2,1
13,140,6,7,6,1,0
13,141,6,5,6,-1,0
13,142,4,7,6,3,2
13,143,6,6,6,0,0
13,144,7,4,6,-3,-1
13,145,6,8,7,2,1
13,146,3,7,5,4,2
13,147,2,2,2,0,0
13,148,6,1,4,-5,-2
13,149,6,3,4,-3,-2
13,150,4,3,4,-1,0
13,151,6,7,6,1,0
13,152,3,3,3,0,0
13,153,6,2,4,-4,-2
14,1,5,7,6,2,1
14,2,5,8,6,3,1
14,3,8,1,4,-7,-4
14,4,8,6,7,-2,-1
14,5,4,2,3,-2,-1
14,6,6,1,4,-5,-2
14,7,1,1,1,0,0
14,8,3,5,4,2,1
14,9,3,5,4,2,1
14,10,3,3,3,0,0
14,11,6,1,4,-5,-2
14,12,2,2,2,0,0
14,13,7,1,4,-6,-3
14,14,7,2,4,-5,-3
14,15,3,1,2,-2,-1
14,16,5,7,6,2,1
14,17,1,6,4,5,3
14,18,4,6,5,2,1
14,19,5,3,4,-2,-1
14,20,3,8,6,5,3
14,21,7,3,5,-4,-2
14,22,1,2,2,1,1
14,23,4,7,6,3,2
14,24,5,5,5,0,0
14,25,2,7,4,5,2
14,26,8,5,6,-3,-2
14,27,7,7,7,0,0
14,28,3,2,2,-1,-1
14,29,3,7,5,4,2
14,30,4,5,4,1,0
14,31,2,1,2,-1,0
14,32,2,6,4,4,2
14,33,2,2,2,0,0
14,34,3,5,4,2,1
14,35,5,2,4,-3,-1
14,36,8,1,4,-7,-4
14,37,5,6,6,1,1
14,38,3,8,6,5,3
14,39,6,5,6,-1,0
14,40,3,3,3,0,0
14,41,2,8,5,6,3
14,42,2,1,2,-1,0
14,43,7,7,7,0,0
14,44,2,6,4,4,2
14,45,8,8,8,0,0
14,46,2,8,5,6,3
14,47,8,8,8,0,0
14,48,4,1,2,-3,-2
14,49,2,1,2,-1,0
14,50,6,1,4,-5,-2
14,51,7,5,6,-2,-1
14,52,6,5,6,-1,0
14,53,7,7,7,0,0
14,54,2,1,2,-1,0
14,55,7,8,8,1,1
14,56,1,6,4,5,3
14,57,1,3,2,2,1
14,58,3,2,2,-1,-1
14,59,3,3,3,0,0
14,60,8,6,7,-2,-1
14,61,3,2,2,-1,-1
14,62,6,1,4,-5,-2
14,63,5,7,6,2,1
14,64,4,6,5,2,1
14,65,6,4,5,-2,-1
14,66,1,2,2,1,1
14,67,8,2,5,-6,-3
14,68,7,7,7,0,0
14,69,5,3,4,-2,-1
14,70,4,8,6,4,2
14,71,8,6,7,-2,-1
14,72,2,8,5,6,3
14,73,1,7,4,6,3
14,74,8,6,7,-2,-1
14,75,3,1,2,-2,-1
14,76,7,6,6,-1,-1
14,77,5,6,6,1,1
14,78,2,5,4,3,2
14,79,3,3,3,0,0
14,80,8,4,6,-4,-2
14,81,4,6,5,2,1
14,82,2,2,2,0,0
14,83,7,1,4,-6,-3
14,84,8,2,5,-6,-3
14,85,5,8,6,3,1
14,86,4,5,4,1,0
14,87,2,3,2,1,0
14,88,3,2,2,-1,-1
14,89,4,8,6,4,2
14,90,8,5,6,-3,-2
14,91,8,6,7,-2,-1
14,92,3,7,5,4,2
14,93,7,7,7,0,0
14,94,1,3,2,2,1
14,95,5,1,3,-4,-2
14,96,3,3,3,0,0
14,97,6,6,6,0,0
14,98,2,6,4,4,2
14,99,3,3,3,0,0
14,100,7,6,6,-1,-1
14,101,6,7,6,1,0
14,102,4,4,4,0,0
14,103,5,6,6,1,1
14,104,8,3,6,-5,-2
14,105,1,4,2,3,1
14,106,4,5,4,1,0
14,107,6,5,6,-1,0
14,108,3,3,3,0,0
14,109,5,2,4,-3,-1
14,110,3,2,2,-1,-1
14,111,6,5,6,-1,0
14,112,8,4,6,-4,-2
14,113,3,7,5,4,2
14,114,3,5,4,2,1
14,115,7,7,7,0,0
14,116,4,3,4,-1,0
14,117,7,1,4,-6,-3
14,118,4,4,4,0,0
14,119,8,4,6,-4,-2
14,120,2,2,2,0,0
14,121,8,8,8,0,0
14,122,6,8,7,2,1
14,123,1,7,4,6,3
14,124,4,3,4,-1,0
14,125,4,3,4,-1,0
14,126,7,8,8,1,1
14,127,6,3,4,-3,-2
14,128,7,6,6,-1,-1
14,129,3,8,6,5,3
14,130,3,7,5,4,2
14,131,3,8,6,5,3
14,132,2,2,2,0,0
14,133,5,6,6,1,1
14,134,5,5,5,0,0
14,135,3,6,4,3,1
14,136,4,8,6,4,2
14,137,8,5,6,-3,-2
14,138,4,4,4,0,0
14,139,4,4,4,0,0
14,140,7,7,7,0,0
14,141,8,5,6,-3,-2
14,142,8,5,6,-3,-2
14,143,5,1,3,-4,-2
14,144,4,6,5,2,1
14,145,7,8,8,1,1
14,146,2,2,2,0,0
14,147,7,8,8,1,1
14,148,5,3,4,-2,-1
14,149,6,6,6,0,0
14,150,3,6,4,3,1
14,151,4,5,4,1,0
14,152,7,2,4,-5,-3
14,153,3,6,4,3,1
15,1,2,2,2,0,0
15,2,5,7,6,2,1
15,3,6,5,6,-1,0
15,4,6,5,6,-1,0
15,5,4,7,6,3,2
15,6,5,5,5,0,0
15,7,2,4,3,2,1
15,8,3,6,4,3,1
15,9,4,2,3,-2,-1
15,10,3,7,5,4,2
15,11,7,5,6,-2,-1
15,12,8,3,6,-5,-2
15,13,6,4,5,-2,-1
15,14,4,7,6,3,2
15,15,1,5,3,4,2
15,16,3,3,3,0,0
15,17,7,3,5,-4,-2
15,18,8,2,5,-6,-3
15,19,6,6,6,0,0
15,20,1,1,1,0,0
15,21,2,3,2,1,0
15,22,7,2,4,-5,-3
15,23,3,3,3,0,0
15,24,3,7,5,4,2
15,25,4,7,6,3,2
15,26,7,7,7,0,0
15,27,8,7,8,-1,0
15,28,1,8,4,7,3
15,29,5,4,4,-1,-1
15,30,1,1,1,0,0
15,31,1,7,4,6,3
15,32,5,5,5,0,0
15,33,5,5,5,0,0
15,34,5,6,6,1,1
15,35,4,3,4,-1,0
15,36,8,8,8,0,0
15,37,5,7,6,2,1
15,38,8,3,6,-5,-2
15,39,1,8,4,7,3
15,40,4,4,4,0,0
15,41,2,5,4,3,2
15,42,4,3,4,-1,0
15,43,6,2,4,-4,-2
15,44,4,7,6,3,2
15,45,1,8,4,7,3
15,46,2,7,4,5,2
15,47,8,8,8,0,0
15,48,2,3,2,1,0
15,49,4,1,2,-3,-2
15,50,3,2,2,-1,-1
15,51,3,5,4,2,1
15,52,1,1,1,0,0
15,53,1,5,3,4,2
15,54,2,5,4,3,2
15,55,2,8,5,6,3
15,56,1,7,4,6,3
15,57,4,5,4,1,0
15,58,5,7,6,2,1
15,59,1,8,4,7,3
15,60,3,8,6,5,3
15,61,4,2,3,-2,-1
15,62,6,4,5,-2,-1
15,63,5,8,6,3,1
15,64,1,1,1,0,0
15,65,5,8,6,3,1
15,66,1,5,3,4,2
15,67,3,3,3,0,0
15,68,4,2,3,-2,-1
15,69,4,5,4,1,0
15,70,2,1,2,-1,0
15,71,3,7,5,4,2
15,72,8,8,8,0,0
15,73,5,4,4,-1,-1
15,74,5,6,6,1,1
15,75,2,3,2,1,0
15,76,3,6,4,3,1
15,77,3,8,6,5,3
15,78,1,6,4,5,3
15,79,8,1,4,-7,-4
15,80,7,7,7,0,0
15,81,6,1,4,-5,-2
15,82,6,6,6,0,0
15,83,2,7,4,5,2
15,84,5,2,4,-3,-1
15,85,2,2,2,0,0
15,86,4,3,4,-1,0
15,87,1,8,4,7,3
15,88,6,1,4,-5,-2
15,89,8,5,6,-3,-2
15,90,5,7,6,2,1
15,91,6,2,4,-4,-2
15,92,1,5,3,4,2
15,93,8,2,5,-6,-3
15,94,4,1,2,-3,-2
15,95,4,6,5,2,1
15,96,8,4,6,-4,-2
15,97,3,8,6,5,3
15,98,2,3,2,1,0
15,99,6,7,6,1,0
15,100,5,5,5,0,0
15,101,6,4,5,-2,-1
15,102,3,5,4,2,1
15,103,8,6,7,-2,-1
15,104,1,4,2,3,1
15,105,6,5,6,-1,0
15,106,5,5,5,0,0
15,107,8,5,6,-3,-2
15,108,4,1,2,-3,-2
15,109,1,6,4,5,3
15,110,8,8,8,0,0
15,111,7,1,4,-6,-3
15,112,3,5,4,2,1
15,113,5,4,4,-1,-1
15,114,6,6,6,0,0
15,115,2,3,2,1,0
15,116,1,4,2,3,1
15,117,6,6,6,0,0
15,118,6,1,4,-5,-2
15,119,6,4,5,-2,-1
15,120,3,6,4,3,1
15,121,1,3,2,2,1
15,122,8,1,4,-7,-4
15,123,6,2,4,-4,-2
15,124,6,5,6,-1,0
15,125,5,1,3,-4,-2
15,126,8,8,8,0,0
15,127,7,3,5,-4,-2
15,128,1,6,4,5,3
15,129,4,8,6,4,2
15,130,4,3,4,-1,0
15,131,4,1,2,-3,-2
15,132,8,5,6,-3,-2
15,133,7,4,6,-3,-1
15,134,3,6,4,3,1
15,135,8,4,6,-4,-2
15,136,1,4,2,3,1
15,137,2,7,4,5,2
15,138,6,4,5,-2,-1
15,139,7,2,4,-5,-3
15,140,1,8,4,7,3
15,141,3,7,5,4,2
15,142,4,8,6,4,2
15,143,5,6,6,1,1
15,144,8,6,7,-2,-1
15,145,1,8,4,7,3
15,146,7,4,6,-3,-1
15,147,1,5,3,4,2
15,148,2,2,2,0,0
15,149,3,2,2,-1,-1
15,150,2,3,2,1,0
15,151,4,2,3,-2,-1
15,152,8,2,5,-6,-3
15,153,7,4,6,-3,-1
16,1,2,5,4,3,2
16,2,7,4,6,-3,-1
16,3,4,3,4,-1,0
16,4,6,7,6,1,0
16,5,6,2,4,-4,-2
16,6,7,4,6,-3,-1
16,7,8,8,8,0,0
16,8,7,4,6,-3,-1
16,9,8,4,6,-4,-2
16,10,1,8,4,7,3
16,11,8,4,6,-4,-2
16,12,8,4,6,-4,-2
16,13,6,1,4,-5,-2
16,14,5,3,4,-2,-1
16,15,4,4,4,0,0
16,16,7,7,7,0,0
16,17,4,4,4,0,0
16,18,6,4,5,-2,-1
16,19,1,5,3,4,2
16,20,3,7,5,4,2
16,21,6,8,7,2,1
16,22,8,6,7,-2,-1
16,23,8,4,6,-4,-2
16,24,5,6,6,1,1
16,25,5,8,6,3,1
16,26,6,2,4,-4,-2
16,27,7,8,8,1,1
16,28,8,4,6,-4,-2
16,29,5,1,3,-4,-2
16,30,2,5,4,3,2
16,31,1,4,2,3,1
16,32,1,1,1,0,0
16,33,6,1,4,-5,-2
16,34,3,1,2,-2,-1
16,35,1,3,2,2,1
16,36,3,5,4,2,1
16,37,7,3,5,-4,-2
16,38,2,3,2,1,0
16,39,7,7,7,0,0
16,40,4,7,6,3,2
16,41,2,4,3,2,1
16,42,6,5,6,-1,0
16,43,5,7,6,2,1
16,44,8,4,6,-4,-2
16,45,1,7,4,6,3
16,46,2,5,4,3,2
16,47,3,6,4,3,1
16,48,4,8,6,4,2
16,49,2,2,2,0,0
16,50,5,2,4,-3,-1
16,51,3,8,6,5,3
16,52,3,2,2,-1,-1
16,53,2,4,3,2,1
16,54,2,3,2,1,0
16,55,2,1,2,-1,0
16,56,5,6,6,1,1
16,57,5,6,6,1,1
16,58,7,4,6,-3,-1
16,59,5,6,6,1,1
16,60,1,4,2,3,1
16,61,7,1,4,-6,-3
16,62,2,8,5,6,3
16,63,4,8,6,4,2
16,64,7,3,5,-4,-2
16,65,1,7,4,6,3
16,66,5,5,5,0,0
16,67,8,7,8,-1,0
16,68,6,3,4,-3,-2
16,69,6,2,4,-4,-2
16,70,6,3,4,-3,-2
16,71,6,5,6,-1,0
16,72,5,3,4,-2,-1
16,73,6,5,6,-1,0
16,74,2,3,2,1,0
16,75,7,4,6,-3,-1
16,76,6,5,6,-1,0
16,77,1,8,4,7,3
16,78,2,8,5,6,3
16,79,1,5,3,4,2
16,80,7,4,6,-3,-1
16,81,5,1,3,-4,-2
16,82,8,5,6,-3,-2
16,83,7,2,4,-5,-3
16,84,4,3,4,-1,0
16,85,3,3,3,0,0
16,86,3,2,2,-1,-1
16,87,7,6,6,-1,-1
16,88,5,1,3,-4,-2
16,89,4,6,5,2,1
16,90,5,4,4,-1,-1
16,91,5,6,6,1,1
16,92,5,8,6,3,1
16,93,2,7,4,5,2
16,94,4,7,6,3,2
16,95,8,8,8,0,0
16,96,4,6,5,2,1
16,97,7,7,7,0,0
16,98,3,6,4,3,1
16,99,8,6,7,-2,-1
16,100,1,1,1,0,0
16,101,3,8,6,5,3
16,102,7,7,7,0,0
16,103,3,2,2,-1,-1
16,104,1,5,3,4,2
16,105,6,4,5,-2,-1
16,106,2,1,2,-1,0
16,107,8,3,6,-5,-2
16,108,3,4,4,1,1
16,109,1,3,2,2,1
16,110,4,1,2,-3,-2
16,111,3,8,6,5,3
16,112,7,1,4,-6,-3
16,113,4,6,5,2,1
16,114,3,3,3,0,0
16,115,2,3,2,1,0
16,116,4,5,4,1,0
16,117,5,1,3,-4,-2
16,118,2,5,4,3,2
16,119,4,2,3,-2,-1
16,120,4,6,5,2,1
16,121,3,8,6,5,3
16,122,1,2,2,1,1
16,123,4,5,4,1,0
16,124,6,4,5,-2,-1
16,125,2,1,2,-1,0
16,126,1,6,4,5,3
16,127,7,1,4,-6,-3
16,128,4,6,5,2,1
16,129,5,3,4,-2,-1
16,130,5,3,4,-2,-1
16,131,6,1,4,-5,-2
16,132,5,2,4,-3,-1
16,133,7,4,6,-3,-1
16,134,2,7,4,5,2
16,135,6,4,5,-2,-1
16,136,1,2,2,1,1
16,137,2,4,3,2,1
16,138,6,4,5,-2,-1
16,139,1,2,2,1,1
16,140,3,6,4,3,1
16,141,8,4,6,-4,-2
16,142,7,1,4,-6,-3
16,143,1,6,4,5,3
16,144,6,6,6,0,0
16,145,3,8,6,5,3
16,146,5,6,6,1,1
16,147,8,7,8,-1,0
16,148,3,7,5,4,2
16,149,5,1,3,-4,-2
16,150,8,8,8,0,0
16,151,5,1,3,-4,-2
16,152,2,8,5,6,3
16,153,5,4,4,-1,-1
17,1,6,8,7,2,1
17,2,6,4,5,-2,-1
17,3,7,3,5,-4,-2
17,4,7,7,7,0,0
17,5,3,2,2,-1,-1
17,6,3,1,2,-2,-1
17,7,7,6,6,-1,-1
17,8,6,8,7,2,1
17,9,7,8,8,1,1
17,10,8,5,6,-3,-2
17,11,2,5,4,3,2
17,12,5,5,5,0,0
17,13,6,2,4,-4,-2
17,14,2,5,4,3,2
17,15,3,4,4,1,1
17,16,2,6,4,4,2
17,17,8,8,8,0,0
17,18,4,3,4,-1,0
17,19,4,2,3,-2,-1
17,20,6,4,5,-2,-1
17,21,1,8,4,7,3
17,22,1,7,4,6,3
17,23,1,1,1,0,0
17,24,6,6,6,0,0
17,25,7,4,6,-3,-1
17,26,3,8,6,5,3
17,27,4,7,6,3,2
17,28,7,5,6,-2,-1
17,29,8,6,7,-2,-1
17,30,8,5,6,-3,-2
17,31,4,7,6,3,2
17,32,2,8,5,6,3
17,33,6,5,6,-1,0
17,34,2,3,2,1,0
17,35,5,2,4,-3,-1
17,36,5,7,6,2,1
17,37,3,4,4,1,1
17,38,8,6,7,-2,-1
17,39,5,5,5,0,0
17,40,4,5,4,1,0
17,41,7,3,5,-4,-2
17,42,8,7,8,-1,0
17,43,6,8,7,2,1
17,44,8,8,8,0,0
17,45,6,1,4,-5,-2
17,46,1,8,4,7,3
17,47,2,5,4,3,2
17,48,3,4,4,1,1
17,49,8,1,4,-7,-4
17,50,7,8,8,1,1
17,51,6,4,5,-2,-1
17,52,3,4,4,1,1
17,53,7,4,6,-3,-1
17,54,6,1,4,-5,-2
17,55,8,2,5,-6,-3
17,56,7,5,6,-2,-1
17,57,1,1,1,0,0
17,58,6,3,4,-3,-2
17,59,3,6,4,3,1
17,60,3,6,4,3,1
17,61,6,5,6,-1,0
17,62,8,2,5,-6,-3
17,63,3,5,4,2,1
17,64,6,8,7,2,1
17,65,1,4,2,3,1
17,66,8,3,6,-5,-2
17,67,8,6,7,-2,-1
17,68,2,4,3,2,1
17,69,4,8,6,4,2
17,70,8,7,8,-1,0
17,71,1,8,4,7,3
17,72,1,1,1,0,0
17,73,3,3,3,0,0
17,74,6,4,5,-2,-1
17,75,6,6,6,0,0
17,76,5,5,5,0,0
17,77,4,1,2,-3,-2
17,78,2,3,2,1,0
17,79,7,1,4,-6,-3
17,80,1,1,1,0,0
17,81,5,8,6,3,1
17,82,6,3,4,-3,-2
17,83,1,6,4,5,3
17,84,5,4,4,-1,-1
17,85,3,6,4,3,1
17,86,7,6,6,-1,-1
17,87,6,7,6,1,0
17,88,3,8,6,5,3
17,89,5,8,6,3,1
17,90,4,1,2,-3,-2
17,91,4,1,2,-3,-2
17,92,1,2,2,1,1
17,93,5,5,5,0,0
17,94,2,3,2,1,0
17,95,3,6,4,3,1
17,96,7,7,7,0,0
17,97,6,7,6,1,0
17,98,8,6,7,-2,-1
17,99,4,3,4,-1,0
17,100,1,5,3,4,2
17,101,3,4,4,1,1
17,102,6,6,6,0,0
17,103,2,2,2,0,0
17,104,6,3,4,-3,-2
17,105,1,1,1,0,0
17,106,4,7,6,3,2
17,107,6,3,4,-3,-2
17,108,4,8,6,4,2
17,109,8,5,6,-3,-2
17,110,8,4,6,-4,-2
17,111,4,4,4,0,0
17,112,5,6,6,1,1
17,113,4,4,4,0,0
17,114,4,4,4,0,0
17,115,8,2,5,-6,-3
17,116,8,2,5,-6,-3
17,117,2,2,2,0,0
17,118,1,7,4,6,3
17,119,2,1,2,-1,0
17,120,2,2,2,0,0
17,121,4,3,4,-1,0
17,122,6,4,5,-2,-1
17,123,3,5,4,2,1
17,124,1,8,4,7,3
17,125,4,2,3,-2,-1
17,126,7,1,4,-6,-3
17,127,2,5,4,3,2
17,128,6,1,4,-5,-2
17,129,7,6,6,-1,-1
17,130,3,6,4,3,1
17,131,4,7,6,3,2
17,132,5,3,4,-2,-1
17,133,3,3,3,0,0
17,134,5,3,4,-2,-1
17,135,5,5,5,0,0
17,136,2,1,2,-1,0
17,137,4,2,3,-2,-1
17,138,2,4,3,2,1
17,139,7,5,6,-2,-1
17,140,1,4,2,3,1
17,141,8,5,6,-3,-2
17,142,3,8,6,5,3
17,143,8,8,8,0,0
17,144,4,3,4,-1,0
17,145,8,2,5,-6,-3
17,146,2,2,2,0,0
17,147,5,1,3,-4,-2
17,148,7,1,4,-6,-3
17,149,1,1,1,0,0
17,150,6,5,6,-1,0
17,151,4,6,5,2,1
17,152,3,3,3,0,0
17,153,8,8,8,0,0
18,1,6,5,6,-1,0
18,2,2,7,4,5,2
18,3,2,8,5,6,3
18,4,4,8,6,4,2
18,5,7,1,4,-6,-3
18,6,6,3,4,-3,-2
18,7,6,7,6,1,0
18,8,3,7,5,4,2
18,9,5,8,6,3,1
18,10,5,8,6,3,1
18,11,7,5,6,-2,-1
18,12,6,6,6,0,0
18,13,3,1,2,-2,-1
18,14,6,5,6,-1,0
18,15,2,2,2,0,0
18,16,2,4,3,2,1
18,17,4,5,4,1,0
18,18,5,1,3,-4,-2
18,19,6,2,4,-4,-2
18,20,2,4,3,2,1
18,21,4,4,4,0,0
18,22,2,7,4,5,2
18,23,6,5,6,-1,0
18,24,3,1,2,-2,-1
18,25,4,2,3,-2,-1
18,26,3,4,4,1,1
18,27,4,8,6,4,2
18,28,4,7,6,3,2
18,29,3,5,4,2,1
18,30,2,8,5,6,3
18,31,5,4,4,-1,-1
18,32,3,6,4,3,1
18,33,5,3,4,-2,-1
18,34,3,4,4,1,1
18,35,5,5,5,0,0
18,36,7,5,6,-2,-1
18,37,1,3,2,2,1
18,38,8,1,4,-7,-4
18,39,6,4,5,-2,-1
18,40,7,5,6,-2,-1
18,41,1,6,4,5,3
18,42,4,7,6,3,2
18,43,8,8,8,0,0
18,44,2,7,4,5,2
18,45,6,1,4,-5,-2
18,46,6,5,6,-1,0
18,47,3,3,3,0,0
18,48,2,2,2,0,0
18,49,1,6,4,5,3
18,50,7,5,6,-2,-1
18,51,4,7,6,3,2
18,52,2,5,4,3,2
18,53,7,5,6,-2,-1
18,54,1,4,2,3,1
18,55,4,7,6,3,2
18,56,6,4,5,-2,-1
18,57,5,2,4,-3,-1
18,58,6,7,6,1,0
18,59,2,8,5,6,3
18,60,6,2,4,-4,-2
18,61,1,7,4,6,3
18,62,3,8,6,5,3
18,63,2,7,4,5,2
18,64,4,8,6,4,2
18,65,1,4,2,3,1
18,66,7,8,8,1,1
18,67,1,7,4,6,3
18,68,8,5,6,-3,-2
18,69,7,8,8,1,1
18,70,2,3,2,1,0
18,71,5,8,6,3,1
18,72,6,7,6,1,0
18,73,8,6,7,-2,-1
18,74,4,6,5,2,1
18,75,1,5,3,4,2
18,76,5,2,4,-3,-1
18,77,1,7,4,6,3
18,78,8,3,6,-5,-2
18,79,6,7,6,1,0
18,80,4,7,6,3,2
18,81,4,2,3,-2,-1
18,82,3,7,5,4,2
18,83,6,3,4,-3,-2
18,84,2,1,2,-1,0
18,85,8,2,5,-6,-3
18,86,3,4,4,1,1
18,87,8,7,8,-1,0
18,88,5,2,4,-3,-1
18,89,3,5,4,2,1
18,90,1,1,1,0,0
18,91,6,2,4,-4,-2
18,92,3,3,3,0,0
18,93,7,1,4,-6,-3
18,94,6,8,7,2,1
18,95,3,3,3,0,0
18,96,1,3,2,2,1
18,97,5,8,6,3,1
18,98,1,8,4,7,3
18,99,8,2,5,-6,-3
18,100,1,1,1,0,0
18,101,8,7,8,-1,0
18,102,1,2,2,1,1
18,103,8,5,6,-3,-2
18,104,2,5,4,3,2
18,105,2,6,4,4,2
18,106,5,2,4,-3,-1
18,107,5,7,6,2,1
18,108,7,4,6,-3,-1
18,109,5,7,6,2,1
18,110,8,3,6,-5,-2
18,111,3,8,6,5,3
18,112,3,8,6,5,3
18,113,2,3,2,1,0
18,114,8,2,5,-6,-3
18,115,6,7,6,1,0
18,116,6,1,4,-5,-2
18,117,8,8,8,0,0
18,118,3,4,4,1,1
18,119,5,6,6,1,1
18,120,6,5,6,-1,0
18,121,4,3,4,-1,0
18,122,8,5,6,-3,-2
18,123,4,2,3,-2,-1
18,124,1,2,2,1,1
18,125,2,6,4,4,2
18,126,6,2,4,-4,-2
18,127,5,7,6,2,1
18,128,2,7,4,5,2
18,129,6,4,5,-2,-1
18,130,4,5,4,1,0
18,131,2,5,4,3,2
18,132,1,6,4,5,3
18,133,4,7,6,3,2
18,134,8,3,6,-5,-2
18,135,3,6,4,3,1
18,136,8,1,4,-7,-4
18,137,4,6,5,2,1
18,138,8,3,6,-5,-2
18,139,1,8,4,7,3
18,140,8,6,7,-2,-1
18,141,3,1,2,-2,-1
18,142,8,4,6,-4,-2
18,143,8,7,8,-1,0
18,144,3,6,4,3,1
18,145,6,3,4,-3,-2
18,146,3,3,3,0,0
18,147,3,7,5,4,2
18,148,3,8,6,5,3
18,149,5,7,6,2,1
18,150,7,3,5,-4,-2
18,151,6,5,6,-1,0
18,152,4,5,4,1,0
18,153,5,4,4,-1,-1
19,1,7,8,8,1,1
19,2,3,8,6,5,3
19,3,2,1,2,-1,0
19,4,8,5,6,-3,-2
19,5,1,2,2,1,1
19,6,4,3,4,-1,0
19,7,7,7,7,0,0
19,8,4,6,5,2,1
19,9,4,1,2,-3,-2
19,10,7,8,8,1,1
19,11,3,4,4,1,1
19,12,3,6,4,3,1
19,13,5,4,4,-1,-1
19,14,4,7,6,3,2
19,15,7,8,8,1,1
19,16,3,4,4,1,1
19,17,7,2,4,-5,-3
19,18,7,8,8,1,1
19,19,2,1,2,-1,0
19,20,8,2,5,-6,-3
19,21,1,2,2,1,1
19,22,4,8,6,4,2
19,23,8,5,6,-3,-2
19,24,3,8,6,5,3
19,25,8,2,5,-6,-3
19,26,7,1,4,-6,-3
19,27,5,6,6,1,1
19,28,1,8,4,7,3
19,29,7,7,7,0,0
19,30,2,4,3,2,1
19,31,5,3,4,-2,-1
19,32,1,5,3,4,2
19,33,3,5,4,2,1
19,34,3,2,2,-1,-1
19,35,2,6,4,4,2
19,36,1,4,2,3,1
19,37,4,7,6,3,2
19,38,8,7,8,-1,0
19,39,8,4,6,-4,-2
19,40,7,4,6,-3,-1
19,41,2,8,5,6,3
19,42,6,7,6,1,0
19,43,6,8,7,2,1
19,44,1,7,4,6,3
19,45,3,5,4,2,1
19,46,2,8,5,6,3
19,47,7,2,4,-5,-3
19,48,1,8,4,7,3
19,49,1,7,4,6,3
19,50,6,7,6,1,0
19,51,7,2,4,-5,-3
19,52,3,1,2,-2,-1
19,53,5,6,6,1,1
19,54,2,8,5,6,3
19,55,7,3,5,-4,-2
19,56,5,4,4,-1,-1
19,57,1,7,4,6,3
19,58,3,7,5,4,2
19,59,3,7,5,4,2
19,60,4,8,6,4,2
19,61,8,5,6,-3,-2
19,62,6,3,4,-3,-2
19,63,8,6,7,-2,-1
19,64,7,3,5,-4,-2
19,65,7,2,4,-5,-3
19,66,3,1,2,-2,-1
19,67,2,5,4,3,2
19,68,2,1,2,-1,0
19,69,1,3,2,2,1
19,70,7,1,4,-6,-3
19,71,2,8,5,6,3
19,72,8,6,7,-2,-1
19,73,4,5,4,1,0
19,74,3,7,5,4,2
19,75,1,6,4,5,3
19,76,6,7,6,1,0
19,77,4,4,4,0,0
19,78,5,4,4,-1,-1
19,79,3,3,3,0,0
19,80,3,7,5,4,2
19,81,6,2,4,-4,-2
19,82,6,1,4,-5,-2
19,83,4,7,6,3,2
19,84,7,1,4,-6,-3
19,85,3,8,6,5,3
19,86,1,3,2,2,1
19,87,6,4,5,-2,-1
19,88,4,4,4,0,0
19,89,2,5,4,3,2
19,90,2,3,2,1,0
19,91,3,2,2,-1,-1
19,92,5,1,3,-4,-2
19,93,6,4,5,-2,-1
19,94,3,2,2,-1,-1
19,95,3,5,4,2,1
19,96,3,4,4,1,1
19,97,8,6,7,-2,-1
19,98,8,6,7,-2,-1
19,99,3,7,5,4,2
19,100,2,7,4,5,2
19,101,3,5,4,2,1
19,102,3,2,2,-1,-1
19,103,7,5,6,-2,-1
19,104,3,6,4,3,1
19,105,2,3,2,1,0
19,106,3,5,4,2,1
19,107,1,5,3,4,2
19,108,7,2,4,-5,-3
19,109,8,5,6,-3,-2
19,110,1,6,4,5,3
19,111,2,6,4,4,2
19,112,2,1,2,-1,0
19,113,4,4,4,0,0
19,114,4,6,5,2,1
19,115,4,6,5,2,1
19,116,6,5,6,-1,0
19,117,1,5,3,4,2
19,118,7,7,7,0,0
19,119,5,1,3,-4,-2
19,120,8,7,8,-1,0
19,121,2,3,2,1,0
19,122,8,3,6,-5,-2
19,123,3,3,3,0,0
19,124,7,5,6,-2,-1
19,125,6,8,7,2,1
19,126,4,8,6,4,2
19,127,6,5,6,-1,0
19,128,2,7,4,5,2
19,129,4,3,4,-1,0
19,130,3,4,4,1,1
19,131,8,2,5,-6,-3
19,132,6,2,4,-4,-2
19,133,6,7,6,1,0
19,134,6,5,6,-1,0
19,135,4,1,2,-3,-2
19,136,2,7,4,5,2
19,137,6,7,6,1,0
19,138,6,4,5,-2,-1
19,139,4,4,4,0,0
19,140,6,6,6,0,0
19,141,1,2,2,1,1
19,142,4,3,4,-1,0
19,143,1,8,4,7,3
19,144,5,4,4,-1,-1
19,145,6,1,4,-5,-2
19,146,8,5,6,-3,-2
19,147,4,3,4,-1,0
19,148,5,8,6,3,1
19,149,7,5,6,-2,-1
19,150,4,8,6,4,2
19,151,6,4,5,-2,-1
19,152,4,2,3,-2,-1
19,153,5,6,6,1,1
20,1,2,2,2,0,0
20,2,2,3,2,1,0
20,3,8,3,6,-5,-2
20,4,8,3,6,-5,-2
20,5,6,2,4,-4,-2
20,6,2,2,2,0,0
20,7,1,2,2,1,1
20,8,4,7,6,3,2
20,9,8,7,8,-1,0
20,10,6,3,4,-3,-2
20,11,8,4,6,-4,-2
20,12,1,6,4,5,3
20,13,8,3,6,-5,-2
20,14,2,1,2,-1,0
20,15,7,8,8,1,1
20,16,6,4,5,-2,-1
20,17,3,4,4,1,1
20,18,5,6,6,1,1
20,19,6,4,5,-2,-1
20,20,7,1,4,-6,-3
20,21,5,3,4,-2,-1
20,22,4,5,4,1,0
20,23,4,8,6,4,2
20,24,8,4,6,-4,-2
20,25,2,5,4,3,2
20,26,1,3,2,2,1
20,27,4,8,6,4,2
20,28,4,7,6,3,2
20,29,5,3,4,-2,-1
20,30,2,7,4,5,2
20,31,1,3,2,2,1
20,32,5,2,4,-3,-1
20,33,6,6,6,0,0
20,34,7,3,5,-4,-2
20,35,4,5,4,1,0
20,36,1,8,4,7,3
20,37,5,3,4,-2,-1
20,38,1,8,4,7,3
20,39,4,8,6,4,2
20,40,8,3,6,-5,-2
20,41,8,4,6,-4,-2
20,42,3,7,5,4,2
20,43,7,2,4,-5,-3
20,44,6,8,7,2,1
20,45,1,2,2,1,1
20,46,8,5,6,-3,-2
20,47,4,3,4,-1,0
20,48,3,2,2,-1,-1
20,49,6,1,4,-5,-2
20,50,3,3,3,0,0
20,51,1,2,2,1,1
20,52,5,4,4,-1,-1
20,53,1,3,2,2,1
20,54,8,1,4,-7,-4
20,55,4,4,4,0,0
20,56,4,2,3,-2,-1
20,57,7,5,6,-2,-1
20,58,7,6,6,-1,-1
20,59,8,3,6,-5,-2
20,60,4,1,2,-3,-2
20,61,8,5,6,-3,-2
20,62,8,6,7,-2,-1
20,63,8,5,6,-3,-2
20,64,2,7,4,5,2
20,65,3,5,4,2,1
20,66,2,2,2,0,0
20,67,8,6,7,-2,-1
20,68,2,3,2,1,0
20,69,2,3,2,1,0
20,70,3,7,5,4,2
20,71,6,8,7,2,1
20,72,5,3,4,-2,-1
20,73,7,8,8,1,1
20,74,7,7,7,0,0
20,75,6,7,6,1,0
20,76,6,6,6,0,0
20,77,7,7,7,0,0
20,78,2,4,3,2,1
20,79,2,6,4,4,2
20,80,4,3,4,-1,0
20,81,7,2,4,-5,-3
20,82,2,6,4,4,2
20,83,1,1,1,0,0
20,84,7,8,8,1,1
20,85,4,7,6,3,2
20,86,1,4,2,3,1
20,87,7,7,7,0,0
20,88,8,7,8,-1,0
20,89,7,7,7,0,0
20,90,3,8,6,5,3
20,91,4,4,4,0,0
20,92,4,7,6,3,2
20,93,3,5,4,2,1
20,94,8,1,4,-7,-4
20,95,3,4,4,1,1
20,96,1,3,2,2,1
20,97,2,7,4,5,2
20,98,2,4,3,2,1
20,99,1,6,4,5,3
20,100,5,3,4,-2,-1
20,101,5,6,6,1,1
20,102,2,2,2,0,0
20,103,8,6,7,-2,-1
20,104,1,7,4,6,3
20,105,5,3,4,-2,-1
20,106,4,1,2,-3,-2
20,107,1,4,2,3,1
20,108,8,8,8,0,0
20,109,1,1,1,0,0
20,110,2,1,2,-1,0
20,111,6,2,4,-4,-2
20,112,4,7,6,3,2
20,113,2,8,5,6,3
20,114,2,4,3,2,1
20,115,8,7,8,-1,0
20,116,5,8,6,3,1
20,117,2,4,3,2,1
20,118,1,5,3,4,2
20,119,6,8,7,2,1
20,120,3,5,4,2,1
20,121,2,3,2,1,0
20,122,5,5,5,0,0
20,123,1,2,2,1,1
20,124,3,1,2,-2,-1
20,125,3,4,4,1,1
20,126,3,4,4,1,1
20,127,6,5,6,-1,0
20,128,2,5,4,3,2
20,129,7,5,6,-2,-1
20,130,6,1,4,-5,-2
20,131,1,8,4,7,3
20,132,7,5,6,-2,-1
20,133,4,4,4,0,0
20,134,3,1,2,-2,-1
20,135,7,2,4,-5,-3
20,136,3,4,4,1,1
20,137,2,5,4,3,2
20,138,2,2,2,0,0
20,139,2,1,2,-1,0
20,140,3,8,6,5,3
20,141,6,3,4,-3,-2
20,142,2,2,2,0,0
20,143,3,4,4,1,1
20,144,1,4,2,3,1
20,145,5,6,6,1,1
20,146,6,2,4,-4,-2
20,147,1,3,2,2,1
20,148,2,1,2,-1,0
20,149,4,8,6,4,2
20,150,3,7,5,4,2
20,151,6,7,6,1,0
20,152,2,6,4,4,2
20,153,1,5,3,4,2
21,1,7,1,4,-6,-3
21,2,5,5,5,0,0
21,3,3,1,2,-2,-1
21,4,3,8,6,5,3
21,5,2,2,2,0,0
21,6,2,8,5,6,3
21,7,4,6,5,2,1
21,8,2,4,3,2,1
21,9,2,2,2,0,0
21,10,1,2,2,1,1
21,11,3,6,4,3,1
21,12,3,8,6,5,3
21,13,7,4,6,-3,-1
21,14,1,3,2,2,1
21,15,3,7,5,4,2
21,16,7,2,4,-5,-3
21,17,7,3,5,-4,-2
21,18,3,1,2,-2,-1
21,19,6,3,4,-3,-2
21,20,8,1,4,-7,-4
21,21,2,1,2,-1,0
21,22,6,4,5,-2,-1
21,23,6,6,6,0,0
21,24,1,2,2,1,1
21,25,7,6,6,-1,-1
21,26,1,4,2,3,1
21,27,6,2,4,-4,-2
21,28,6,1,4,-5,-2
21,29,6,3,4,-3,-2
21,30,4,6,5,2,1
21,31,8,6,7,-2,-1
21,32,1,7,4,6,3
21,33,6,2,4,-4,-2
21,34,2,1,2,-1,0
21,35,2,8,5,6,3
21,36,5,4,4,-1,-1
21,37,1,3,2,2,1
21,38,5,3,4,-2,-1
21,39,1,4,2,3,1
21,40,8,7,8,-1,0
21,41,3,5,4,2,1
21,42,1,7,4,6,3
21,43,7,3,5,-4,-2
21,44,4,1,2,-3,-2
21,45,2,6,4,4,2
21,46,6,1,4,-5,-2
21,47,3,7,5,4,2
21,48,4,7,6,3,2
21,49,1,8,4,7,3
21,50,6,1,4,-5,-2
21,51,1,8,4,7,3
21,52,2,4,3,2,1
21,53,8,7,8,-1,0
21,54,2,5,4,3,2
21,55,4,4,4,0,0
21,56,1,3,2,2,1
21,57,5,8,6,3,1
21,58,8,5,6,-3,-2
21,59,5,6,6,1,1
21,60,8,6,7,-2,-1
21,61,5,6,6,1,1
21,62,2,4,3,2,1
21,63,4,5,4,1,0
21,64,1,7,4,6,3
21,65,4,2,3,-2,-1
21,66,6,6,6,0,0
21,67,1,5,3,4,2
21,68,7,7,7,0,0
21,69,3,1,2,-2,-1
21,70,2,8,5,6,3
21,71,5,6,6,1,1
21,72,2,7,4,5,2
21,73,1,1,1,0,0
21,74,1,2,2,1,1
21,75,7,8,8,1,1
21,76,1,8,4,7,3
21,77,1,8,4,7,3
21,78,1,2,2,1,1
21,79,8,1,4,-7,-4
21,80,5,3,4,-2,-1
21,81,3,7,5,4,2
21,82,3,1,2,-2,-1
21,83,7,8,8,1,1
21,84,3,2,2,-1,-1
21,85,7,2,4,-5,-3
21,86,5,8,6,3,1
21,87,1,5,3,4,2
21,88,6,3,4,-3,-2
21,89,4,8,6,4,2
21,90,4,8,6,4,2
21,91,7,3,5,-4,-2
21,92,6,6,6,0,0
21,93,6,1,4,-5,-2
21,94,8,5,6,-3,-2
21,95,7,3,5,-4,-2
21,96,4,2,3,-2,-1
21,97,3,7,5,4,2
21,98,7,2,4,-5,-3
21,99,2,1,2,-1,0
21,100,8,6,7,-2,-1
21,101,6,8,7,2,1
21,102,6,2,4,-4,-2
21,103,7,3,5,-4,-2
21,104,7,6,6,-1,-1
21,105,8,8,8,0,0
21,106,6,7,6,1,0
21,107,5,8,6,3,1
21,108,8,1,4,-7,-4
21,109,6,6,6,0,0
21,110,5,8,6,3,1
21,111,4,4,4,0,0
21,112,1,2,2,1,1
21,113,7,1,4,-6,-3
21,114,3,6,4,3,1
21,115,3,8,6,5,3
21,116,3,6,4,3,1
21,117,1,3,2,2,1
21,118,4,4,4,0,0
21,119,8,8,8,0,0
21,120,5,8,6,3,1
21,121,8,8,8,0,0
21,122,2,1,2,-1,0
21,123,5,3,4,-2,-1
21,124,7,2,4,-5,-3
21,125,2,6,4,4,2
21,126,4,2,3,-2,-1
21,127,4,8,6,4,2
21,128,2,2,2,0,0
21,129,8,6,7,-2,-1
21,130,6,3,4,-3,-2
21,131,6,4,5,-2,-1
21,132,6,5,6,-1,0
21,133,6,1,4,-5,-2
21,134,2,8,5,6,3
21,135,4,7,6,3,2
21,136,6,5,6,-1,0
21,137,8,8,8,0,0
21,138,1,5,3,4,2
21,139,2,6,4,4,2
21,140,1,6,4,5,3
21,141,3,5,4,2,1
21,142,2,1,2,-1,0
21,143,4,1,2,-3,-2
21,144,3,8,6,5,3
21,145,5,6,6,1,1
21,146,6,4,5,-2,-1
21,147,3,4,4,1,1
21,148,8,8,8,0,0
21,149,4,8,6,4,2
21,150,1,4,2,3,1
21,151,6,1,4,-5,-2
21,152,4,3,4,-1,0
21,153,6,7,6,1,0
22,1,8,8,8,0,0
22,2,4,1,2,-3,-2
22,3,1,3,2,2,1
22,4,8,6,7,-2,-1
22,5,5,1,3,-4,-2
22,6,5,8,6,3,1
22,7,3,8,6,5,3
22,8,5,6,6,1,1
22,9,7,7,7,0,0
22,10,4,8,6,4,2
22,11,5,6,6,1,1
22,12,4,6,5,2,1
22,13,5,6,6,1,1
22,14,4,4,4,0,0
22,15,1,5,3,4,2
22,16,4,1,2,-3,-2
22,17,4,6,5,2,1
22,18,7,8,8,1,1
22,19,8,8,8,0,0
22,20,5,6,6,1,1
22,21,8,2,5,-6,-3
22,22,6,6,6,0,0
22,23,2,8,5,6,3
22,24,8,5,6,-3,-2
22,25,2,7,4,5,2
22,26,8,7,8,-1,0
22,27,3,1,2,-2,-1
22,28,1,6,4,5,3
22,29,1,8,4,7,3
22,30,4,6,5,2,1
22,31,7,1,4,-6,-3
22,32,4,6,5,2,1
22,33,4,5,4,1,0
22,34,7,2,4,-5,-3
22,35,3,1,2,-2,-1
22,36,2,3,2,1,0
22,37,5,2,4,-3,-1
22,38,4,4,4,0,0
22,39,2,5,4,3,2
22,40,2,3,2,1,0
22,41,4,1,2,-3,-2
22,42,6,6,6,0,0
22,43,5,5,5,0,0
22,44,2,4,3,2,1
22,45,1,4,2,3,1
22,46,3,8,6,5,3
22,47,6,6,6,0,0
22,48,5,4,4,-1,-1
22,49,3,8,6,5,3
22,50,7,5,6,-2,-1
22,51,3,6,4,3,1
22,52,7,3,5,-4,-2
22,53,6,7,6,1,0
22,54,7,7,7,0,0
22,55,5,4,4,-1,-1
22,56,8,6,7,-2,-1
22,57,8,8,8,0,0
22,58,1,2,2,1,1
22,59,1,8,4,7,3
22,60,1,6,4,5,3
22,61,7,7,7,0,0
22,62,8,2,5,-6,-3
22,63,4,5,4,1,0
22,64,1,6,4,5,3
22,65,8,6,7,-2,-1
22,66,2,4,3,2,1
22,67,6,5,6,-1,0
22,68,1,3,2,2,1
22,69,4,7,6,3,2
22,70,3,7,5,4,2
22,71,3,5,4,2,1
22,72,3,8,6,5,3
22,73,1,2,2,1,1
22,74,1,2,2,1,1
22,75,2,4,3,2,1
22,76,6,6,6,0,0
22,77,7,3,5,-4,-2
22,78,8,2,5,-6,-3
22,79,3,2,2,-1,-1
22,80,3,1,2,-2,-1
22,81,1,8,4,7,3
22,82,1,1,1,0,0
22,83,6,1,4,-5,-2
22,84,4,7,6,3,2
22,85,3,1,2,-2,-1
22,86,4,3,4,-1,0
22,87,4,8,6,4,2
22,88,4,5,4,1,0
22,89,3,5,4,2,1
22,90,1,1,1,0,0
22,91,6,3,4,-3,-2
22,92,6,8,7,2,1
22,93,7,2,4,-5,-3
22,94,3,4,4,1,1
22,95,4,8,6,4,2
22,96,5,3,4,-2,-1
22,97,7,6,6,-1,-1
22,98,1,8,4,7,3
22,99,4,7,6,3,2
22,100,7,7,7,0,0
22,101,4,1,2,-3,-2
22,102,8,7,8,-1,0
22,103,7,4,6,-3,-1
22,104,2,6,4,4,2
22,105,4,3,4,-1,0
22,106,8,8,8,0,0
22,107,6,8,7,2,1
22,108,6,3,4,-3,-2
22,109,6,3,4,-3,-2
22,110,3,6,4,3,1
22,111,4,2,3,-2,-1
22,112,4,8,6,4,2
22,113,5,8,6,3,1
22,114,7,3,5,-4,-2
22,115,7,3,5,-4,-2
22,116,1,4,2,3,1
22,117,8,5,6,-3,-2
22,118,5,6,6,1,1
22,119,6,1,4,-5,-2
22,120,5,3,4,-2,-1
22,121,5,2,4,-3,-1
22,122,4,1,2,-3,-2
22,123,6,8,7,2,1
22,124,5,1,3,-4,-2
22,125,6,6,6,0,0
22,126,6,7,6,1,0
22,127,6,2,4,-4,-2
22,128,7,3,5,-4,-2
22,129,5,3,4,-2,-1
22,130,3,5,4,2,1
22,131,2,6,4,4,2
22,132,1,2,2,1,1
22,133,7,6,6,-1,-1
22,134,6,5,6,-1,0
22,135,1,7,4,6,3
22,136,3,4,4,1,1
22,137,5,3,4,-2,-1
22,138,1,4,2,3,1
22,139,2,7,4,5,2
22,140,6,6,6,0,0
22,141,5,3,4,-2,-1
22,142,1,6,4,5,3
22,143,7,3,5,-4,-2
22,144,1,4,2,3,1
22,145,7,4,6,-3,-1
22,146,2,5,4,3,2
22,147,1,4,2,3,1
22,148,8,1,4,-7,-4
22,149,5,6,6,1,1
22,150,7,8,8,1,1
22,151,8,1,4,-7,-4
22,152,4,8,6,4,2
22,153,4,1,2,-3,-2
23,1,2,7,4,5,2
23,2,6,6,6,0,0
23,3,3,4,4,1,1
23,4,6,7,6,1,0
23,5,4,7,6,3,2
23,6,8,8,8,0,0
23,7,5,7,6,2,1
23,8,1,7,4,6,3
23,9,2,7,4,5,2
23,10,5,1,3,-4,-2
23,11,2,2,2,0,0
23,12,7,4,6,-3,-1
23,13,6,3,4,-3,-2
23,14,4,1,2,-3,-2
23,15,6,3,4,-3,-2
23,16,7,5,6,-2,-1
23,17,8,5,6,-3,-2
23,18,2,6,4,4,2
23,19,3,2,2,-1,-1
23,20,3,6,4,3,1
23,21,8,8,8,0,0
23,22,6,3,4,-3,-2
23,23,5,6,6,1,1
23,24,3,6,4,3,1
23,25,7,6,6,-1,-1
23,26,3,8,6,5,3
23,27,6,7,6,1,0
23,28,3,7,5,4,2
23,29,5,1,3,-4,-2
23,30,3,1,2,-2,-1
23,31,2,4,3,2,1
23,32,2,8,5,6,3
23,33,2,4,3,2,1
23,34,3,5,4,2,1
23,35,3,6,4,3,1
23,36,5,4,4,-1,-1
23,37,4,4,4,0,0
23,38,7,4,6,-3,-1
23,39,8,2,5,-6,-3
23,40,5,6,6,1,1
23,41,5,8,6,3,1
23,42,4,4,4,0,0
23,43,1,3,2,2,1
23,44,7,6,6,-1,-1
23,45,5,2,4,-3,-1
23,46,4,5,4,1,0
23,47,5,3,4,-2,-1
23,48,4,4,4,0,0
23,49,4,6,5,2,1
23,50,5,7,6,2,1
23,51,2,5,4,3,2
23,52,8,6,7,-2,-1
23,53,1,2,2,1,1
23,54,1,1,1,0,0
23,55,8,5,6,-3,-2
23,56,5,6,6,1,1
23,57,1,5,3,4,2
23,58,5,5,5,0,0
23,59,7,5,6,-2,-1
23,60,8,7,8,-1,0
23,61,3,5,4,2,1
23,62,4,4,4,0,0
23,63,1,3,2,2,1
23,64,4,2,3,-2,-1
23,65,6,4,5,-2,-1
23,66,1,1,1,0,0
23,67,7,6,6,-1,-1
23,68,4,6,5,2,1
23,69,5,5,5,0,0
23,70,4,2,3,-2,-1
23,71,6,5,6,-1,0
23,72,1,4,2,3,1
23,73,4,3,4,-1,0
23,74,3,4,4,1,1
23,75,2,1,2,-1,0
23,76,7,5,6,-2,-1
23,77,3,4,4,1,1
23,78,3,2,2,-1,-1
23,79,4,4,4,0,0
23,80,2,6,4,4,2
23,81,3,8,6,5,3
23,82,5,1,3,-4,-2
23,83,3,3,3,0,0
23,84,1,2,2,1,1
23,85,6,3,4,-3,-2
23,86,3,6,4,3,1
23,87,8,5,6,-3,-2
23,88,7,1,4,-6,-3
23,89,5,3,4,-2,-1
23,90,3,4,4,1,1
23,91,3,8,6,5,3
23,92,7,8,8,1,1
23,93,4,2,3,-2,-1
23,94,5,7,6,2,1
23,95,6,2,4,-4,-2
23,96,1,8,4,7,3
23,97,6,6,6,0,0
23,98,7,4,6,-3,-1
23,99,2,7,4,5,2
23,100,1,3,2,2,1
23,101,4,7,6,3,2
23,102,6,7,6,1,0
23,103,6,1,4,-5,-2
23,104,4,1,2,-3,-2
23,105,5,8,6,3,1
23,106,2,7,4,5,2
23,107,6,8,7,2,1
23,108,6,1,4,-5,-2
23,109,6,1,4,-5,-2
23,110,2,2,2,0,0
23,111,4,6,5,2,1
23,112,3,5,4,2,1
23,113,7,7,7,0,0
23,114,3,8,6,5,3
23,115,8,8,8,0,0
23,116,8,6,7,-2,-1
23,117,6,2,4,-4,-2
23,118,7,4,6,-3,-1
23,119,8,3,6,-5,-2
23,120,1,4,2,3,1
23,121,5,2,4,-3,-1
23,122,4,5,4,1,0
23,123,7,6,6,-1,-1
23,124,3,8,6,5,3
23,125,4,1,2,-3,-2
23,126,5,7,6,2,1
23,127,6,4,5,-2,-1
23,128,1,8,4,7,3
23,129,3,2,2,-1,-1
23,130,8,8,8,0,0
23,131,8,8,8,0,0
23,132,6,4,5,-2,-1
23,133,8,4,6,-4,-2
23,134,6,2,4,-4,-2
23,135,2,7,4,5,2
23,136,3,8,6,5,3
23,137,1,3,2,2,1
23,138,5,6,6,1,1
23,139,3,6,4,3,1
23,140,6,2,4,-4,-2
23,141,1,4,2,3,1
23,142,3,5,4,2,1
23,143,1,4,2,3,1
23,144,6,3,4,-3,-2
23,145,8,6,7,-2,-1
23,146,6,7,6,1,0
23,147,7,3,5,-4,-2
23,148,8,8,8,0,0
23,149,1,1,1,0,0
23,150,4,5,4,1,0
23,151,2,3,2,1,0
23,152,4,2,3,-2,-1
23,153,5,7,6,2,1
24,1,8,3,6,-5,-2
24,2,1,5,3,4,2
24,3,5,5,5,0,0
24,4,6,1,4,-5,-2
24,5,6,2,4,-4,-2
24,6,5,4,4,-1,-1
24,7,1,1,1,0,0
24,8,3,4,4,1,1
24,9,8,8,8,0,0
24,10,1,4,2,3,1
24,11,7,6,6,-1,-1
24,12,5,5,5,0,0
24,13,5,7,6,2,1
24,14,2,5,4,3,2
24,15,2,8,5,6,3
24,16,6,4,5,-2,-1
24,17,5,3,4,-2,-1
24,18,6,5,6,-1,0
24,19,5,7,6,2,1
24,20,3,3,3,0,0
24,21,8,2,5,-6,-3
24,22,1,1,1,0,0
24,23,8,2,5,-6,-3
24,24,6,1,4,-5,-2
24,25,5,8,6,3,1
24,26,7,3,5,-4,-2
24,27,2,2,2,0,0
24,28,8,7,8,-1,0
24,29,7,7,7,0,0
24,30,1,3,2,2,1
24,31,7,1,4,-6,-3
24,32,6,4,5,-2,-1
24,33,5,1,3,-4,-2
24,34,7,8,8,1,1
24,35,5,5,5,0,0
24,36,2,4,3,2,1
24,37,7,8,8,1,1
24,38,6,1,4,-5,-2
24,39,7,3,5,-4,-2
24,40,6,3,4,-3,-2
24,41,1,8,4,7,3
24,42,7,5,6,-2,-1
24,43,6,8,7,2,1
24,44,6,8,7,2,1
24,45,7,6,6,-1,-1
24,46,1,6,4,5,3
24,47,1,2,2,1,1
24,48,5,4,4,-1,-1
24,49,7,2,4,-5,-3
24,50,2,8,5,6,3
24,51,3,8,6,5,3
24,52,4,5,4,1,0
24,53,7,6,6,-1,-1
24,54,7,2,4,-5,-3
24,55,7,5,6,-2,-1
24,56,2,6,4,4,2
24,57,7,6,6,-1,-1
24,58,4,4,4,0,0
24,59,5,4,4,-1,-1
24,60,5,5,5,0,0
24,61,5,7,6,2,1
24,62,1,5,3,4,2
24,63,6,8,7,2,1
24,64,4,8,6,4,2
24,65,2,3,2,1,0
24,66,8,5,6,-3,-2
24,67,1,3,2,2,1
24,68,1,4,2,3,1
24,69,4,7,6,3,2
24,70,3,1,2,-2,-1
24,71,2,4,3,2,1
24,72,8,4,6,-4,-2
24,73,3,4,4,1,1
24,74,5,6,6,1,1
24,75,3,5,4,2,1
24,76,2,4,3,2,1
24,77,3,1,2,-2,-1
24,78,8,4,6,-4,-2
24,79,1,6,4,5,3
24,80,7,3,5,-4,-2
24,81,8,6,7,-2,-1
24,82,6,1,4,-5,-2
24,83,3,8,6,5,3
24,84,1,7,4,6,3
24,85,3,4,4,1,1
24,86,5,1,3,-4,-2
24,87,2,7,4,5,2
24,88,8,3,6,-5,-2
24,89,4,1,2,-3,-2
24,90,5,7,6,2,1
24,91,7,2,4,-5,-3
24,92,6,4,5,-2,-1
24,93,4,8,6,4,2
24,94,3,2,2,-1,-1
24,95,8,7,8,-1,0
24,96,6,7,6,1,0
24,97,5,2,4,-3,-1
24,98,7,3,5,-4,-2
24,99,8,3,6,-5,-2
24,100,2,3,2,1,0
24,101,7,5,6,-2,-1
24,102,8,2,5,-6,-3
24,103,1,7,4,6,3
24,104,6,1,4,-5,-2
24,105,2,8,5,6,3
24,106,7,7,7,0,0
24,107,4,3,4,-1,0
24,108,8,3,6,-5,-2
24,109,7,1,4,-6,-3
24,110,7,6,6,-1,-1
24,111,7,5,6,-2,-1
24,112,7,3,5,-4,-2
24,113,2,7,4,5,2
24,114,3,8,6,5,3
24,115,5,5,5,0,0
24,116,7,8,8,1,1
24,117,4,5,4,1,0
24,118,4,2,3,-2,-1
24,119,2,6,4,4,2
24,120,4,7,6,3,2
24,121,2,6,4,4,2
24,122,7,1,4,-6,-3
24,123,3,7,5,4,2
24,124,2,7,4,5,2
24,125,1,1,1,0,0
24,126,8,3,6,-5,-2
24,127,3,6,4,3,1
24,128,3,3,3,0,0
24,129,6,2,4,-4,-2
24,130,1,3,2,2,1
24,131,8,8,8,0,0
24,132,3,2,2,-1,-1
24,133,7,7,7,0,0
24,134,1,1,1,0,0
24,135,6,7,6,1,0
24,136,7,4,6,-3,-1
24,137,2,4,3,2,1
24,138,7,5,6,-2,-1
24,139,6,4,5,-2,-1
24,140,1,8,4,7,3
24,141,5,2,4,-3,-1
24,142,1,5,3,4,2
24,143,2,6,4,4,2
24,144,7,4,6,-3,-1
24,145,1,4,2,3,1
24,146,2,2,2,0,0
24,147,1,3,2,2,1
24,148,8,8,8,0,0
24,149,6,3,4,-3,-2
24,150,5,3,4,-2,-1
24,151,7,4,6,-3,-1
24,152,3,4,4,1,1
24,153,8,4,6,-4,-2
25,1,1,5,3,4,2
25,2,3,4,4,1,1
25,3,7,1,4,-6,-3
25,4,8,7,8,-1,0
25,5,8,5,6,-3,-2
25,6,2,2,2,0,0
25,7,5,5,5,0,0
25,8,8,7,8,-1,0
25,9,1,3,2,2,1
25,10,6,3,4,-3,-2
25,11,7,7,7,0,0
25,12,1,6,4,5,3
25,13,2,7,4,5,2
25,14,6,4,5,-2,-1
25,15,7,6,6,-1,-1
25,16,2,2,2,0,0
25,17,2,4,3,2,1
25,18,6,4,5,-2,-1
25,19,8,5,6,-3,-2
25,20,7,5,6,-2,-1
25,21,2,2,2,0,0
25,22,6,7,6,1,0
25,23,2,5,4,3,2
25,24,1,1,1,0,0
25,25,6,1,4,-5,-2
25,26,3,3,3,0,0
25,27,6,5,6,-1,0
25,28,3,4,4,1,1
25,29,4,6,5,2,1
25,30,3,1,2,-2,-1
25,31,2,5,4,3,2
25,32,6,8,7,2,1
25,33,3,5,4,2,1
25,34,6,8,7,2,1
25,35,5,5,5,0,0
25,36,7,6,6,-1,-1
25,37,3,5,4,2,1
25,38,6,1,4,-5,-2
25,39,8,2,5,-6,-3
25,40,4,1,2,-3,-2
25,41,3,3,3,0,0
25,42,2,7,4,5,2
25,43,8,8,8,0,0
25,44,5,8,6,3,1
25,45,4,4,4,0,0
25,46,4,5,4,1,0
25,47,7,4,6,-3,-1
25,48,6,7,6,1,0
25,49,5,7,6,2,1
25,50,7,6,6,-1,-1
25,51,1,5,3,4,2
25,52,3,7,5,4,2
25,53,3,6,4,3,1
25,54,6,2,4,-4,-2
25,55,2,5,4,3,2
25,56,3,5,4,2,1
25,57,2,5,4,3,2
25,58,8,1,4,-7,-4
25,59,4,7,6,3,2
25,60,1,6,4,5,3
25,61,3,8,6,5,3
25,62,4,4,4,0,0
25,63,6,6,6,0,0
25,64,7,2,4,-5,-3
25,65,8,5,6,-3,-2
25,66,1,2,2,1,1
25,67,7,7,7,0,0
25,68,3,1,2,-2,-1
25,69,1,6,4,5,3
25,70,4,3,4,-1,0
25,71,3,1,2,-2,-1
25,72,5,4,4,-1,-1
25,73,4,2,3,-2,-1
25,74,8,5,6,-3,-2
25,75,6,3,4,-3,-2
25,76,8,4,6,-4,-2
25,77,1,2,2,1,1
25,78,7,5,6,-2,-1
25,79,6,4,5,-2,-1
25,80,7,7,7,0,0
25,81,2,6,4,4,2
25,82,1,2,2,1,1
25,83,3,6,4,3,1
25,84,5,2,4,-3,-1
25,85,7,1,4,-6,-3
25,86,2,2,2,0,0
25,87,7,5,6,-2,-1
25,88,5,4,4,-1,-1
25,89,3,4,4,1,1
25,90,4,6,5,2,1
25,91,6,1,4,-5,-2
25,92,2,2,2,0,0
25,93,8,4,6,-4,-2
25,94,6,1,4,-5,-2
25,95,4,6,5,2,1
25,96,1,1,1,0,0
25,97,6,8,7,2,1
25,98,4,2,3,-2,-1
25,99,3,5,4,2,1
25,100,8,2,5,-6,-3
25,101,2,6,4,4,2
25,102,8,6,7,-2,-1
25,103,2,8,5,6,3
25,104,1,8,4,7,3
25,105,6,2,4,-4,-2
25,106,2,5,4,3,2
25,107,4,6,5,2,1
25,108,7,7,7,0,0
25,109,7,4,6,-3,-1
25,110,5,6,6,1,1
25,111,7,3,5,-4,-2
25,112,4,1,2,-3,-2
25,113,4,1,2,-3,-2
25,114,7,4,6,-3,-1
25,115,3,7,5,4,2
25,116,3,2,2,-1,-1
25,117,4,3,4,-1,0
25,118,6,4,5,-2,-1
25,119,7,8,8,1,1
25,120,1,5,3,4,2
25,121,1,1,1,0,0
25,122,8,3,6,-5,-2
25,123,4,3,4,-1,0
25,124,1,7,4,6,3
25,125,6,7,6,1,0
25,126,6,2,4,-4,-2
25,127,3,6,4,3,1
25,128,7,8,8,1,1
25,129,4,3,4,-1,0
25,130,6,1,4,-5,-2
25,131,3,3,3,0,0
25,132,5,8,6,3,1
25,133,5,3,4,-2,-1
25,134,1,2,2,1,1
25,135,6,2,4,-4,-2
25,136,8,5,6,-3,-2
25,137,8,3,6,-5,-2
25,138,5,7,6,2,1
25,139,7,8,8,1,1
25,140,7,3,5,-4,-2
25,141,3,6,4,3,1
25,142,4,4,4,0,0
25,143,1,5,3,4,2
25,144,5,5,5,0,0
25,145,3,4,4,1,1
25,146,4,2,3,-2,-1
25,147,3,8,6,5,3
25,148,5,4,4,-1,-1
25,149,1,4,2,3,1
25,150,3,7,5,4,2
25,151,7,8,8,1,1
25,152,1,1,1,0,0
25,153,2,4,3,2,1
26,1,7,8,8,1,1
26,2,6,7,6,1,0
26,3,5,2,4,-3,-1
26,4,4,6,5,2,1
26,5,7,8,8,1,1
26,6,1,1,1,0,0
26,7,2,1,2,-1,0
26,8,1,6,4,5,3
26,9,5,3,4,-2,-1
26,10,8,8,8,0,0
26,11,6,6,6,0,0
26,12,4,2,3,-2,-1
26,13,2,8,5,6,3
26,14,2,4,3,2,1
26,15,2,6,4,4,2
26,16,5,2,4,-3,-1
26,17,2,2,2,0,0
26,18,8,5,6,-3,-2
26,19,2,7,4,5,2
26,20,4,3,4,-1,0
26,21,5,3,4,-2,-1
26,22,6,1,4,-5,-2
26,23,5,4,4,-1,-1
26,24,5,5,5,0,0
26,25,8,1,4,-7,-4
26,26,2,1,2,-1,0
26,27,8,1,4,-7,-4
26,28,3,1,2,-2,-1
26,29,6,7,6,1,0
26,30,5,3,4,-2,-1
26,31,2,3,2,1,0
26,32,1,6,4,5,3
26,33,4,3,4,-1,0
26,34,1,5,3,4,2
26,35,4,3,4,-1,0
26,36,6,6,6,0,0
26,37,2,3,2,1,0
26,38,1,2,2,1,1
26,39,5,1,3,-4,-2
26,40,4,3,4,-1,0
26,41,2,6,4,4,2
26,42,6,1,4,-5,-2
26,43,2,3,2,1,0
26,44,8,6,7,-2,-1
26,45,1,4,2,3,1
26,46,4,5,4,1,0
26,47,5,8,6,3,1
26,48,8,5,6,-3,-2
26,49,2,5,4,3,2
26,50,5,2,4,-3,-1
26,51,6,5,6,-1,0
26,52,6,1,4,-5,-2
26,53,2,3,2,1,0
26,54,6,5,6,-1,0
26,55,4,1,2,-3,-2
26,56,4,1,2,-3,-2
26,57,2,7,4,5,2
26,58,6,8,7,2,1
26,59,6,3,4,-3,-2
26,60,5,8,6,3,1
26,61,4,7,6,3,2
26,62,7,6,6,-1,-1
26,63,8,2,5,-6,-3
26,64,4,7,6,3,2
26,65,2,6,4,4,2
26,66,4,3,4,-1,0
26,67,2,8,5,6,3
26,68,1,8,4,7,3
26,69,2,7,4,5,2
26,70,3,2,2,-1,-1
26,71,7,7,7,0,0
26,72,7,3,5,-4,-2
26,73,7,5,6,-2,-1
26,74,4,8,6,4,2
26,75,1,8,4,7,3
26,76,1,6,4,5,3
26,77,5,2,4,-3,-1
26,78,5,1,3,-4,-2
26,79,8,6,7,-2,-1
26,80,5,8,6,3,1
26,81,2,4,3,2,1
26,82,1,3,2,2,1
26,83,1,3,2,2,1
26,84,2,2,2,0,0
26,85,4,8,6,4,2
26,86,5,8,6,3,1
26,87,6,4,5,-2,-1
26,88,3,4,4,1,1
26,89,6,2,4,-4,-2
26,90,6,7,6,1,0
26,91,2,7,4,5,2
26,92,2,3,2,1,0
26,93,4,8,6,4,2
26,94,5,1,3,-4,-2
26,95,7,1,4,-6,-3
26,96,7,4,6,-3,-1
26,97,8,1,4,-7,-4
26,98,6,7,6,1,0
26,99,8,3,6,-5,-2
26,100,2,2,2,0,0
26,101,4,3,4,-1,0
26,102,5,5,5,0,0
26,103,1,1,1,0,0
26,104,5,2,4,-3,-1
26,105,6,8,7,2,1
26,106,3,2,2,-1,-1
26,107,8,6,7,-2,-1
26,108,5,1,3,-4,-2
26,109,5,4,4,-1,-1
26,110,6,8,7,2,1
26,111,1,4,2,3,1
26,112,3,8,6,5,3
26,113,1,7,4,6,3
26,114,7,2,4,-5,-3
26,115,6,2,4,-4,-2
26,116,2,8,5,6,3
26,117,2,1,2,-1,0
26,118,3,5,4,2,1
26,119,8,6,7,-2,-1
26,120,5,6,6,1,1
26,121,4,5,4,1,0
26,122,4,7,6,3,2
26,123,7,5,6,-2,-1
26,124,3,4,4,1,1
26,125,8,4,6,-4,-2
26,126,2,3,2,1,0
26,127,5,5,5,0,0
26,128,8,6,7,-2,-1
26,129,5,8,6,3,1
26,130,5,6,6,1,1
26,131,7,5,6,-2,-1
26,132,2,2,2,0,0
26,133,4,3,4,-1,0
26,134,1,6,4,5,3
26,135,5,6,6,1,1
26,136,5,6,6,1,1
26,137,6,3,4,-3,-2
26,138,3,2,2,-1,-1
26,139,3,5,4,2,1
26,140,6,3,4,-3,-2
26,141,7,7,7,0,0
26,142,2,2,2,0,0
26,143,8,6,7,-2,-1
26,144,8,1,4,-7,-4
26,145,3,4,4,1,1
26,146,2,4,3,2,1
26,147,7,5,6,-2,-1
26,148,2,4,3,2,1
26,149,3,8,6,5,3
26,150,6,8,7,2,1
26,151,3,5,4,2,1
26,152,7,4,6,-3,-1
26,153,5,6,6,1,1
27,1,4,3,4,-1,0
27,2,2,7,4,5,2
27,3,8,5,6,-3,-2
27,4,3,8,6,5,3
27,5,1,2,2,1,1
27,6,8,6,7,-2,-1
27,7,7,6,6,-1,-1
27,8,3,2,2,-1,-1
27,9,6,6,6,0,0
27,10,2,6,4,4,2
27,11,4,7,6,3,2
27,12,1,7,4,6,3
27,13,7,6,6,-1,-1
27,14,2,6,4,4,2
27,15,8,4,6,-4,-2
27,16,8,5,6,-3,-2
27,17,6,1,4,-5,-2
27,18,7,7,7,0,0
27,19,4,7,6,3,2
27,20,1,7,4,6,3
27,21,2,6,4,4,2
27,22,1,1,1,0,0
27,23,5,3,4,-2,-1
27,24,2,1,2,-1,0
27,25,6,5,6,-1,0
27,26,4,6,5,2,1
27,27,6,2,4,-4,-2
27,28,3,5,4,2,1
27,29,6,6,6,0,0
27,30,1,6,4,5,3
27,31,8,7,8,-1,0
27,32,4,6,5,2,1
27,33,7,8,8,1,1
27,34,3,6,4,3,1
27,35,7,3,5,-4,-2
27,36,5,4,4,-1,-1
27,37,4,4,4,0,0
27,38,5,3,4,-2,-1
27,39,1,1,1,0,0
27,40,6,2,4,-4,-2
27,41,6,3,4,-3,-2
27,42,7,5,6,-2,-1
27,43,4,2,3,-2,-1
27,44,4,6,5,2,1
27,45,6,6,6,0,0
27,46,1,5,3,4,2
27,47,1,6,4,5,3
27,48,4,8,6,4,2
27,49,6,1,4,-5,-2
27,50,2,3,2,1,0
27,51,3,5,4,2,1
27,52,7,3,5,-4,-2
27,53,8,2,5,-6,-3
27,54,4,1,2,-3,-2
27,55,8,5,6,-3,-2
27,56,7,6,6,-1,-1
27,57,4,3,4,-1,0
27,58,6,3,4,-3,-2
27,59,5,3,4,-2,-1
27,60,7,2,4,-5,-3
27,61,6,5,6,-1,0
27,62,8,4,6,-4,-2
27,63,2,8,5,6,3
27,64,8,5,6,-3,-2
27,65,5,7,6,2,1
27,66,8,5,6,-3,-2
27,67,2,2,2,0,0
27,68,3,8,6,5,3
27,69,4,6,5,2,1
27,70,8,2,5,-6,-3
27,71,4,1,2,-3,-2
27,72,1,5,3,4,2
27,73,5,7,6,2,1
27,74,8,8,8,0,0
27,75,7,8,8,1,1
27,76,2,8,5,6,3
27,77,2,1,2,-1,0
27,78,5,8,6,3,1
27,79,7,2,4,-5,-3
27,80,8,4,6,-4,-2
27,81,3,8,6,5,3
27,82,7,5,6,-2,-1
27,83,6,5,6,-1,0
27,84,8,5,6,-3,-2
27,85,4,5,4,1,0
27,86,6,7,6,1,0
27,87,3,6,4,3,1
27,88,7,4,6,-3,-1
27,89,1,5,3,4,2
27,90,2,2,2,0,0
27,91,7,2,4,-5,-3
27,92,6,2,4,-4,-2
27,93,5,8,6,3,1
27,94,3,4,4,1,1
27,95,8,1,4,-7,-4
27,96,8,8,8,0,0
27,97,8,5,6,-3,-2
27,98,8,6,7,-2,-1
27,99,6,1,4,-5,-2
27,100,8,2,5,-6,-3
27,101,8,3,6,-5,-2
27,102,8,4,6,-4,-2
27,103,5,7,6,2,1
27,104,1,5,3,4,2
27,105,8,7,8,-1,0
27,106,4,3,4,-1,0
27,107,7,1,4,-6,-3
27,108,4,8,6,4,2
27,109,6,7,6,1,0
27,110,7,3,5,-4,-2
27,111,6,8,7,2,1
27,112,8,6,7,-2,-1
27,113,8,3,6,-5,-2
27,114,1,7,4,6,3
27,115,3,1,2,-2,-1
27,116,5,6,6,1,1
27,117,1,4,2,3,1
27,118,2,1,2,-1,0
27,119,8,6,7,-2,-1
27,120,1,5,3,4,2
27,121,3,8,6,5,3
27,122,7,5,6,-2,-1
27,123,6,5,6,-1,0
27,124,8,2,5,-6,-3
27,125,5,7,6,2,1
27,126,3,4,4,1,1
27,127,5,1,3,-4,-2
27,128,2,3,2,1,0
27,129,7,7,7,0,0
27,130,7,4,6,-3,-1
27,131,7,1,4,-6,-3
27,132,6,5,6,-1,0
27,133,6,4,5,-2,-1
27,134,3,8,6,5,3
27,135,2,8,5,6,3
27,136,1,2,2,1,1
27,137,1,4,2,3,1
27,138,2,8,5,6,3
27,139,5,7,6,2,1
27,140,4,2,3,-2,-1
27,141,1,2,2,1,1
27,142,6,2,4,-4,-2
27,143,4,4,4,0,0
27,144,6,2,4,-4,-2
27,145,6,6,6,0,0
27,146,8,6,7,-2,-1
27,147,5,4,4,-1,-1
27,148,4,3,4,-1,0
27,149,7,6,6,-1,-1
27,150,7,1,4,-6,-3
27,151,4,2,3,-2,-1
27,152,7,4,6,-3,-1
27,153,8,3,6,-5,-2
28,1,8,8,8,0,0
28,2,6,8,7,2,1
28,3,2,2,2,0,0
28,4,5,2,4,-3,-1
28,5,3,1,2,-2,-1
28,6,4,2,3,-2,-1
28,7,2,4,3,2,1
28,8,4,1,2,-3,-2
28,9,3,5,4,2,1
28,10,4,2,3,-2,-1
28,11,3,7,5,4,2
28,12,2,6,4,4,2
28,13,3,4,4,1,1
28,14,7,8,8,1,1
28,15,5,4,4,-1,-1
28,16,6,4,5,-2,-1
28,17,7,2,4,-5,-3
28,18,4,8,6,4,2
28,19,7,2,4,-5,-3
28,20,8,2,5,-6,-3
28,21,2,8,5,6,3
28,22,1,4,2,3,1
28,23,4,3,4,-1,0
28,24,7,4,6,-3,-1
28,25,5,8,6,3,1
28,26,7,7,7,0,0
28,27,4,2,3,-2,-1
28,28,7,1,4,-6,-3
28,29,3,8,6,5,3
28,30,1,3,2,2,1
28,31,1,8,4,7,3
28,32,6,3,4,-3,-2
28,33,5,5,5,0,0
28,34,7,2,4,-5,-3
28,35,4,2,3,-2,-1
28,36,3,8,6,5,3
28,37,2,2,2,0,0
28,38,1,2,2,1,1
28,39,1,8,4,7,3
28,40,5,1,3,-4,-2
28,41,1,2,2,1,1
28,42,7,5,6,-2,-1
28,43,3,7,5,4,2
28,44,2,6,4,4,2
28,45,5,6,6,1,1
28,46,7,3,5,-4,-2
28,47,1,1,1,0,0
28,48,2,4,3,2,1
28,49,3,5,4,2,1
28,50,4,2,3,-2,-1
28,51,4,7,6,3,2
28,52,4,3,4,-1,0
28,53,6,6,6,0,0
28,54,8,5,6,-3,-2
28,55,6,2,4,-4,-2
28,56,7,2,4,-5,-3
28,57,8,6,7,-2,-1
28,58,2,2,2,0,0
28,59,5,3,4,-2,-1
28,60,4,5,4,1,0
28,61,8,5,6,-3,-2
28,62,7,3,5,-4,-2
28,63,7,5,6,-2,-1
28,64,2,8,5,6,3
28,65,3,7,5,4,2
28,66,8,8,8,0,0
28,67,7,6,6,-1,-1
28,68,3,7,5,4,2
28,69,4,3,4,-1,0
28,70,3,6,4,3,1
28,71,1,2,2,1,1
28,72,7,3,5,-4,-2
28,73,1,3,2,2,1
28,74,4,3,4,-1,0
28,75,1,6,4,5,3
28,76,7,2,4,-5,-3
28,77,3,2,2,-1,-1
28,78,7,6,6,-1,-1
28,79,8,7,8,-1,0
28,80,2,8,5,6,3
28,81,2,3,2,1,0
28,82,2,4,3,2,1
28,83,4,7,6,3,2
28,84,1,5,3,4,2
28,85,4,4,4,0,0
28,86,8,1,4,-7,-4
28,87,2,1,2,-1,0
28,88,7,4,6,-3,-1
28,89,8,2,5,-6,-3
28,90,7,3,5,-4,-2
28,91,1,8,4,7,3
28,92,2,8,5,6,3
28,93,6,1,4,-5,-2
28,94,8,6,7,-2,-1
28,95,1,8,4,7,3
28,96,6,1,4,-5,-2
28,97,8,2,5,-6,-3
28,98,5,4,4,-1,-1
28,99,2,4,3,2,1
28,100,3,5,4,2,1
28,101,1,3,2,2,1
28,102,2,4,3,2,1
28,103,8,1,4,-7,-4
28,104,3,4,4,1,1
28,105,4,3,4,-1,0
28,106,6,1,4,-5,-2
28,107,5,7,6,2,1
28,108,6,2,4,-4,-2
28,109,7,7,7,0,0
28,110,8,3,6,-5,-2
28,111,5,1,3,-4,-2
28,112,4,2,3,-2,-1
28,113,6,4,5,-2,-1
28,114,4,1,2,-3,-2
28,115,5,8,6,3,1
28,116,1,2,2,1,1
28,117,1,8,4,7,3
28,118,1,5,3,4,2
28,119,8,6,7,-2,-1
28,120,7,6,6,-1,-1
28,121,7,7,7,0,0
28,122,2,5,4,3,2
28,123,8,5,6,-3,-2
28,124,1,2,2,1,1
28,125,8,1,4,-7,-4
28,126,4,5,4,1,0
28,127,4,6,5,2,1
28,128,7,5,6,-2,-1
28,129,7,6,6,-1,-1
28,130,2,1,2,-1,0
28,131,1,7,4,6,3
28,132,3,6,4,3,1
28,133,6,5,6,-1,0
28,134,4,3,4,-1,0
28,135,1,7,4,6,3
28,136,6,8,7,2,1
28,137,8,6,7,-2,-1
28,138,4,2,3,-2,-1
28,139,8,6,7,-2,-1
28,140,8,1,4,-7,-4
28,141,1,4,2,3,1
28,142,5,2,4,-3,-1
28,143,7,4,6,-3,-1
28,144,8,4,6,-4,-2
28,145,7,7,7,0,0
28,146,8,3,6,-5,-2
28,147,4,8,6,4,2
28,148,7,2,4,-5,-3
28,149,7,7,7,0,0
28,150,1,4,2,3,1
28,151,5,4,4,-1,-1
28,152,1,5,3,4,2
28,153,4,3,4,-1,0
29,1,2,5,4,3,2
29,2,6,8,7,2,1
29,3,7,3,5,-4,-2
29,4,4,4,4,0,0
29,5,1,6,4,5,3
29,6,2,6,4,4,2
29,7,6,8,7,2,1
29,8,2,8,5,6,3
29,9,1,4,2,3,1
29,10,8,1,4,-7,-4
29,11,5,7,6,2,1
29,12,6,2,4,-4,-2
29,13,6,4,5,-2,-1
29,14,3,3,3,0,0
29,15,2,4,3,2,1
29,16,5,3,4,-2,-1
29,17,3,1,2,-2,-1
29,18,3,7,5,4,2
29,19,3,2,2,-1,-1
29,20,5,5,5,0,0
29,21,7,6,6,-1,-1
29,22,1,2,2,1,1
29,23,8,2,5,-6,-3
29,24,4,3,4,-1,0
29,25,3,5,4,2,1
29,26,8,7,8,-1,0
29,27,6,4,5,-2,-1
29,28,6,4,5,-2,-1
29,29,4,7,6,3,2
29,30,2,6,4,4,2
29,31,1,8,4,7,3
29,32,1,2,2,1,1
29,33,7,7,7,0,0
29,34,8,2,5,-6,-3
29,35,6,2,4,-4,-2
29,36,4,1,2,-3,-2
29,37,7,8,8,1,1
29,38,7,1,4,-6,-3
29,39,7,4,6,-3,-1
29,40,8,8,8,0,0
29,41,1,6,4,5,3
29,42,1,8,4,7,3
29,43,6,5,6,-1,0
29,44,6,6,6,0,0
29,45,4,2,3,-2,-1
29,46,4,7,6,3,2
29,47,4,3,4,-1,0
29,48,1,1,1,0,0
29,49,4,2,3,-2,-1
29,50,5,8,6,3,1
29,51,3,7,5,4,2
29,52,8,7,8,-1,0
29,53,6,5,6,-1,0
29,54,5,1,3,-4,-2
29,55,2,5,4,3,2
29,56,2,2,2,0,0
29,57,4,6,5,2,1
29,58,4,5,4,1,0
29,59,1,4,2,3,1
29,60,5,5,5,0,0
29,61,3,2,2,-1,-1
29,62,1,1,1,0,0
29,63,2,7,4,5,2
29,64,5,8,6,3,1
29,65,6,2,4,-4,-2
29,66,2,6,4,4,2
29,67,1,8,4,7,3
29,68,3,6,4,3,1
29,69,1,5,3,4,2
29,70,4,3,4,-1,0
29,71,2,8,5,6,3
29,72,2,6,4,4,2
29,73,6,8,7,2,1
29,74,1,4,2,3,1
29,75,6,2,4,-4,-2
29,76,1,8,4,7,3
29,77,6,3,4,-3,-2
29,78,6,8,7,2,1
29,79,3,6,4,3,1
29,80,1,6,4,5,3
29,81,8,8,8,0,0
29,82,8,7,8,-1,0
29,83,1,8,4,7,3
29,84,6,8,7,2,1
29,85,6,8,7,2,1
29,86,4,6,5,2,1
29,87,1,8,4,7,3
29,88,4,1,2,-3,-2
29,89,4,4,4,0,0
29,90,7,2,4,-5,-3
29,91,3,8,6,5,3
29,92,8,7,8,-1,0
29,93,6,4,5,-2,-1
29,94,3,8,6,5,3
29,95,3,1,2,-2,-1
29,96,3,4,4,1,1
29,97,7,1,4,-6,-3
29,98,3,5,4,2,1
29,99,4,7,6,3,2
29,100,5,3,4,-2,-1
29,101,5,3,4,-2,-1
29,102,7,6,6,-1,-1
29,103,7,7,7,0,0
29,104,5,7,6,2,1
29,105,5,4,4,-1,-1
29,106,7,8,8,1,1
29,107,1,7,4,6,3
29,108,3,3,3,0,0
29,109,2,1,2,-1,0
29,110,5,5,5,0,0
29,111,6,5,6,-1,0
29,112,1,2,2,1,1
29,113,2,3,2,1,0
29,114,8,2,5,-6,-3
29,115,6,2,4,-4,-2
29,116,3,4,4,1,1
29,117,4,5,4,1,0
29,118,2,6,4,4,2
29,119,8,3,6,-5,-2
29,120,5,5,5,0,0
29,121,3,4,4,1,1
29,122,5,3,4,-2,-1
29,123,7,8,8,1,1
29,124,4,6,5,2,1
29,125,2,7,4,5,2
29,126,2,4,3,2,1
29,127,3,5,4,2,1
29,128,6,6,6,0,0
29,129,7,6,6,-1,-1
29,130,6,2,4,-4,-2
29,131,1,2,2,1,1
29,132,5,1,3,-4,-2
29,133,5,8,6,3,1
29,134,8,5,6,-3,-2
29,135,8,7,8,-1,0
29,136,6,6,6,0,0
29,137,7,4,6,-3,-1
29,138,8,5,6,-3,-2
29,139,5,6,6,1,1
29,140,2,3,2,1,0
29,141,7,4,6,-3,-1
29,142,2,7,4,5,2
29,143,6,5,6,-1,0
29,144,3,5,4,2,1
29,145,4,8,6,4,2
29,146,4,8,6,4,2
29,147,2,6,4,4,2
29,148,6,6,6,0,0
29,149,1,6,4,5,3
29,150,8,3,6,-5,-2
29,151,3,5,4,2,1
29,152,6,7,6,1,0
29,153,5,1,3,-4,-2
30,1,2,8,5,6,3
30,2,1,6,4,5,3
30,3,2,7,4,5,2
30,4,2,5,4,3,2
30,5,2,2,2,0,0
30,6,4,3,4,-1,0
30,7,8,3,6,-5,-2
30,8,4,3,4,-1,0
30,9,8,6,7,-2,-1
30,10,2,3,2,1,0
30,11,8,4,6,-4,-2
30,12,6,2,4,-4,-2
30,13,4,6,5,2,1
30,14,5,6,6,1,1
30,15,2,4,3,2,1
30,16,5,4,4,-1,-1
30,17,3,1,2,-2,-1
30,18,6,8,7,2,1
30,19,4,1,2,-3,-2
30,20,7,2,4,-5,-3
30,21,7,7,7,0,0
30,22,8,8,8,0,0
30,23,6,4,5,-2,-1
30,24,4,4,4,0,0
30,25,5,7,6,2,1
30,26,4,5,4,1,0
30,27,6,3,4,-3,-2
30,28,2,4,3,2,1
30,29,8,2,5,-6,-3
30,30,1,6,4,5,3
30,31,7,3,5,-4,-2
30,32,4,5,4,1,0
30,33,3,2,2,-1,-1
30,34,8,4,6,-4,-2
30,35,8,6,7,-2,-1
30,36,6,8,7,2,1
30,37,4,2,3,-2,-1
30,38,1,2,2,1,1
30,39,8,8,8,0,0
30,40,2,4,3,2,1
30,41,6,2,4,-4,-2
30,42,3,4,4,1,1
30,43,1,5,3,4,2
30,44,1,6,4,5,3
30,45,5,4,4,-1,-1
30,46,1,5,3,4,2
30,47,5,1,3,-4,-2
30,48,8,5,6,-3,-2
30,49,4,7,6,3,2
30,50,8,3,6,-5,-2
30,51,3,4,4,1,1
30,52,1,3,2,2,1
30,53,3,6,4,3,1
30,54,6,7,6,1,0
30,55,7,8,8,1,1
30,56,6,4,5,-2,-1
30,57,8,3,6,-5,-2
30,58,6,5,6,-1,0
30,59,6,3,4,-3,-2
30,60,1,2,2,1,1
30,61,5,8,6,3,1
30,62,3,1,2,-2,-1
30,63,7,8,8,1,1
30,64,5,7,6,2,1
30,65,1,8,4,7,3
30,66,4,3,4,-1,0
30,67,5,6,6,1,1
30,68,1,5,3,4,2
30,69,3,6,4,3,1
30,70,8,1,4,-7,-4
30,71,6,1,4,-5,-2
30,72,2,8,5,6,3
30,73,4,4,4,0,0
30,74,6,8,7,2,1
30,75,2,7,4,5,2
30,76,8,2,5,-6,-3
30,77,1,2,2,1,1
30,78,8,4,6,-4,-2
30,79,5,8,6,3,1
30,80,5,1,3,-4,-2
30,81,2,3,2,1,0
30,82,2,5,4,3,2
30,83,4,2,3,-2,-1
30,84,5,6,6,1,1
30,85,8,5,6,-3,-2
30,86,1,5,3,4,2
30,87,3,8,6,5,3
30,88,7,6,6,-1,-1
30,89,1,1,1,0,0
30,90,8,8,8,0,0
30,91,5,6,6,1,1
30,92,7,6,6,-1,-1
30,93,2,6,4,4,2
30,94,3,6,4,3,1
30,95,7,2,4,-5,-3
30,96,8,6,7,-2,-1
30,97,7,3,5,-4,-2
30,98,4,3,4,-1,0
30,99,3,6,4,3,1
30,100,3,5,4,2,1
30,101,6,5,6,-1,0
30,102,3,1,2,-2,-1
30,103,5,1,3,-4,-2
30,104,1,3,2,2,1
30,105,6,7,6,1,0
30,106,1,3,2,2,1
30,107,8,7,8,-1,0
30,108,1,5,3,4,2
30,109,6,3,4,-3,-2
30,110,2,7,4,5,2
30,111,7,6,6,-1,-1
30,112,5,6,6,1,1
30,113,8,4,6,-4,-2
30,114,3,3,3,0,0
30,115,1,2,2,1,1
30,116,3,4,4,1,1
30,117,8,1,4,-7,-4
30,118,1,6,4,5,3
30,119,8,5,6,-3,-2
30,120,7,4,6,-3,-1
30,121,2,2,2,0,0
30,122,6,4,5,-2,-1
30,123,3,8,6,5,3
30,124,8,2,5,-6,-3
30,125,7,2,4,-5,-3
30,126,1,8,4,7,3
30,127,6,6,6,0,0
30,128,8,7,8,-1,0
30,129,6,8,7,2,1
30,130,3,2,2,-1,-1
30,131,1,3,2,2,1
30,132,2,4,3,2,1
30,133,8,3,6,-5,-2
30,134,7,6,6,-1,-1
30,135,7,8,8,1,1
30,136,1,7,4,6,3
30,137,7,6,6,-1,-1
30,138,3,7,5,4,2
30,139,2,3,2,1,0
30,140,3,5,4,2,1
30,141,4,7,6,3,2
30,142,6,2,4,-4,-2
30,143,7,6,6,-1,-1
30,144,4,6,5,2,1
30,145,4,2,3,-2,-1
30,146,3,3,3,0,0
30,147,4,8,6,4,2
30,148,3,2,2,-1,-1
30,149,4,6,5,2,1
30,150,5,2,4,-3,-1
30,151,8,8,8,0,0
30,152,1,7,4,6,3
30,153,1,7,4,6,3
31,1,2,2,2,0,0
31,2,2,5,4,3,2
31,3,5,7,6,2,1
31,4,4,5,4,1,0
31,5,1,3,2,2,1
31,6,1,8,4,7,3
31,7,3,5,4,2,1
31,8,5,2,4,-3,-1
31,9,5,2,4,-3,-1
31,10,6,5,6,-1,0
31,11,3,4,4,1,1
31,12,7,4,6,-3,-1
31,13,4,2,3,-2,-1
31,14,2,4,3,2,1
31,15,6,1,4,-5,-2
31,16,8,4,6,-4,-2
31,17,5,4,4,-1,-1
31,18,1,6,4,5,3
31,19,8,2,5,-6,-3
31,20,4,6,5,2,1
31,21,2,8,5,6,3
31,22,3,8,6,5,3
31,23,4,5,4,1,0
31,24,6,1,4,-5,-2
31,25,6,1,4,-5,-2
31,26,4,4,4,0,0
31,27,4,5,4,1,0
31,28,1,4,2,3,1
31,29,5,4,4,-1,-1
31,30,1,3,2,2,1
31,31,1,3,2,2,1
31,32,3,5,4,2,1
31,33,6,8,7,2,1
31,34,2,7,4,5,2
31,35,4,8,6,4,2
31,36,8,3,6,-5,-2
31,37,6,8,7,2,1
31,38,4,1,2,-3,-2
31,39,5,2,4,-3,-1
31,40,6,8,7,2,1
31,41,8,3,6,-5,-2
31,42,3,5,4,2,1
31,43,4,1,2,-3,-2
31,44,8,8,8,0,0
31,45,5,8,6,3,1
31,46,1,6,4,5,3
31,47,7,7,7,0,0
31,48,1,7,4,6,3
31,49,5,2,4,-3,-1
31,50,6,8,7,2,1
31,51,7,8,8,1,1
31,52,2,1,2,-1,0
31,53,8,8,8,0,0
31,54,7,7,7,0,0
31,55,7,8,8,1,1
31,56,4,7,6,3,2
31,57,3,5,4,2,1
31,58,8,8,8,0,0
31,59,5,5,5,0,0
31,60,8,5,6,-3,-2
31,61,4,6,5,2,1
31,62,2,6,4,4,2
31,63,6,5,6,-1,0
31,64,7,3,5,-4,-2
31,65,7,6,6,-1,-1
31,66,8,7,8,-1,0
31,67,3,1,2,-2,-1
31,68,6,5,6,-1,0
31,69,8,6,7,-2,-1
31,70,3,1,2,-2,-1
31,71,5,1,3,-4,-2
31,72,4,3,4,-1,0
31,73,5,4,4,-1,-1
31,74,7,6,6,-1,-1
31,75,7,3,5,-4,-2
31,76,2,7,4,5,2
31,77,2,8,5,6,3
31,78,3,8,6,5,3
31,79,1,4,2,3,1
31,80,3,3,3,0,0
31,81,8,5,6,-3,-2
31,82,6,8,7,2,1
31,83,1,3,2,2,1
31,84,3,4,4,1,1
31,85,5,5,5,0,0
31,86,1,5,3,4,2
31,87,3,4,4,1,1
31,88,3,8,6,5,3
31,89,5,6,6,1,1
31,90,6,5,6,-1,0
31,91,7,5,6,-2,-1
31,92,1,1,1,0,0
31,93,5,4,4,-1,-1
31,94,8,3,6,-5,-2
31,95,6,3,4,-3,-2
31,96,5,5,5,0,0
31,97,8,8,8,0,0
31,98,5,7,6,2,1
31,99,2,1,2,-1,0
31,100,1,1,1,0,0
31,101,7,6,6,-1,-1
31,102,7,8,8,1,1
31,103,8,1,4,-7,-4
31,104,2,7,4,5,2
31,105,8,7,8,-1,0
31,106,8,5,6,-3,-2
31,107,8,5,6,-3,-2
31,108,1,3,2,2,1
31,109,5,4,4,-1,-1
31,110,2,8,5,6,3
31,111,6,2,4,-4,-2
31,112,6,5,6,-1,0
31,113,2,7,4,5,2
31,114,5,6,6,1,1
31,115,8,1,4,-7,-4
31,116,7,7,7,0,0
31,117,8,8,8,0,0
31,118,2,2,2,0,0
31,119,5,7,6,2,1
31,120,2,5,4,3,2
31,121,6,8,7,2,1
31,122,2,7,4,5,2
31,123,8,5,6,-3,-2
31,124,6,6,6,0,0
31,125,1,7,4,6,3
31,126,4,6,5,2,1
31,127,1,7,4,6,3
31,128,1,7,4,6,3
31,129,8,1,4,-7,-4
31,130,2,4,3,2,1
31,131,5,7,6,2,1
31,132,6,3,4,-3,-2
31,133,1,4,2,3,1
31,134,6,6,6,0,0
31,135,1,1,1,0,0
31,136,2,3,2,1,0
31,137,1,4,2,3,1
31,138,7,6,6,-1,-1
31,139,4,2,3,-2,-1
31,140,1,7,4,6,3
31,141,6,8,7,2,1
31,142,1,4,2,3,1
31,143,8,4,6,-4,-2
31,144,7,1,4,-6,-3
31,145,1,2,2,1,1
31,146,3,2,2,-1,-1
31,147,5,4,4,-1,-1
31,148,6,7,6,1,0
31,149,1,2,2,1,1
31,150,6,7,6,1,0
31,151,2,6,4,4,2
31,152,6,8,7,2,1
31,153,8,3,6,-5,-2
32,1,1,4,2,3,1
32,2,5,5,5,0,0
32,3,5,1,3,-4,-2
32,4,3,8,6,5,3
32,5,7,8,8,1,1
32,6,4,6,5,2,1
32,7,5,7,6,2,1
32,8,1,8,4,7,3
32,9,3,1,2,-2,-1
32,10,1,7,4,6,3
32,11,7,4,6,-3,-1
32,12,2,3,2,1,0
32,13,8,3,6,-5,-2
32,14,6,7,6,1,0
32,15,4,4,4,0,0
32,16,7,7,7,0,0
32,17,4,3,4,-1,0
32,18,3,8,6,5,3
32,19,1,5,3,4,2
32,20,2,2,2,0,0
32,21,1,5,3,4,2
32,22,1,2,2,1,1
32,23,5,7,6,2,1
32,24,5,4,4,-1,-1
32,25,2,1,2,-1,0
32,26,7,1,4,-6,-3
32,27,3,7,5,4,2
32,28,6,7,6,1,0
32,29,1,7,4,6,3
32,30,3,1,2,-2,-1
32,31,7,1,4,-6,-3
32,32,5,1,3,-4,-2
32,33,3,3,3,0,0
32,34,2,2,2,0,0
32,35,1,8,4,7,3
32,36,1,3,2,2,1
32,37,4,1,2,-3,-2
32,38,8,5,6,-3,-2
32,39,3,1,2,-2,-1
32,40,5,4,4,-1,-1
32,41,1,8,4,7,3
32,42,8,8,8,0,0
32,43,8,5,6,-3,-2
32,44,3,8,6,5,3
32,45,5,2,4,-3,-1
32,46,7,5,6,-2,-1
32,47,6,1,4,-5,-2
32,48,3,3,3,0,0
32,49,6,6,6,0,0
32,50,2,6,4,4,2
32,51,1,3,2,2,1
32,52,4,4,4,0,0
32,53,5,5,5,0,0
32,54,7,1,4,-6,-3
32,55,2,3,2,1,0
32,56,7,3,5,-4,-2
32,57,2,5,4,3,2
32,58,7,4,6,-3,-1
32,59,2,4,3,2,1
32,60,3,8,6,5,3
32,61,1,3,2,2,1
32,62,4,6,5,2,1
32,63,7,5,6,-2,-1
32,64,5,1,3,-4,-2
32,65,5,6,6,1,1
32,66,3,6,4,3,1
32,67,3,6,4,3,1
32,68,1,2,2,1,1
32,69,5,7,6,2,1
32,70,1,2,2,1,1
32,71,1,3,2,2,1
32,72,8,5,6,-3,-2
32,73,3,3,3,0,0
32,74,7,7,7,0,0
32,75,4,2,3,-2,-1
32,76,2,8,5,6,3
32,77,2,1,2,-1,0
32,78,7,2,4,-5,-3
32,79,2,3,2,1,0
32,80,4,7,6,3,2
32,81,5,4,4,-1,-1
32,82,8,3,6,-5,-2
32,83,6,6,6,0,0
32,84,3,5,4,2,1
32,85,5,6,6,1,1
32,86,6,2,4,-4,-2
32,87,5,6,6,1,1
32,88,4,1,2,-3,-2
32,89,5,7,6,2,1
32,90,4,5,4,1,0
32,91,1,1,1,0,0
32,92,3,6,4,3,1
32,93,5,3,4,-2,-1
32,94,3,2,2,-1,-1
32,95,3,3,3,0,0
32,96,3,1,2,-2,-1
32,97,5,6,6,1,1
32,98,2,2,2,0,0
32,99,3,5,4,2,1
32,100,4,3,4,-1,0
32,101,1,6,4,5,3
32,102,3,2,2,-1,-1
32,103,4,7,6,3,2
32,104,5,3,4,-2,-1
32,105,2,6,4,4,2
32,106,4,1,2,-3,-2
32,107,8,7,8,-1,0
32,108,3,6,4,3,1
32,109,3,8,6,5,3
32,110,8,8,8,0,0
32,111,1,8,4,7,3
32,112,3,2,2,-1,-1
32,113,5,4,4,-1,-1
32,114,2,7,4,5,2
32,115,5,8,6,3,1
32,116,3,1,2,-2,-1
32,117,1,3,2,2,1
32,118,2,4,3,2,1
32,119,1,8,4,7,3
32,120,8,1,4,-7,-4
32,121,6,3,4,-3,-2
32,122,5,6,6,1,1
32,123,2,2,2,0,0
32,124,1,7,4,6,3
32,125,1,8,4,7,3
32,126,3,1,2,-2,-1
32,127,7,2,4,-5,-3
32,128,8,2,5,-6,-3
32,129,8,2,5,-6,-3
32,130,2,7,4,5,2
32,131,5,8,6,3,1
32,132,1,5,3,4,2
32,133,3,3,3,0,0
32,134,8,5,6,-3,-2
32,135,1,6,4,5,3
32,136,4,1,2,-3,-2
32,137,4,5,4,1,0
32,138,4,4,4,0,0
32,139,8,7,8,-1,0
32,140,5,1,3,-4,-2
32,141,4,8,6,4,2
32,142,4,5,4,1,0
32,143,8,6,7,-2,-1
32,144,1,5,3,4,2
32,145,7,4,6,-3,-1
32,146,4,8,6,4,2
32,147,5,6,6,1,1
32,148,6,7,6,1,0
32,149,4,6,5,2,1
32,150,3,6,4,3,1
32,151,7,3,5,-4,-2
32,152,5,5,5,0,0
32,153,2,8,5,6,3
33,1,3,1,2,-2,-1
33,2,3,2,2,-1,-1
33,3,5,1,3,-4,-2
33,4,4,6,5,2,1
33,5,4,1,2,-3,-2
33,6,3,2,2,-1,-1
33,7,5,4,4,-1,-1
33,8,7,3,5,-4,-2
33,9,4,5,4,1,0
33,10,8,3,6,-5,-2
33,11,8,8,8,0,0
33,12,3,8,6,5,3
33,13,7,5,6,-2,-1
33,14,7,4,6,-3,-1
33,15,5,6,6,1,1
33,16,1,3,2,2,1
33,17,2,4,3,2,1
33,18,7,5,6,-2,-1
33,19,8,1,4,-7,-4
33,20,7,1,4,-6,-3
33,21,1,5,3,4,2
33,22,4,7,6,3,2
33,23,1,4,2,3,1
33,24,5,5,5,0,0
33,25,1,3,2,2,1
33,26,7,2,4,-5,-3
33,27,3,5,4,2,1
33,28,7,6,6,-1,-1
33,29,5,5,5,0,0
33,30,2,3,2,1,0
33,31,6,7,6,1,0
33,32,1,2,2,1,1
33,33,2,6,4,4,2
33,34,4,5,4,1,0
33,35,2,4,3,2,1
33,36,6,4,5,-2,-1
33,37,7,5,6,-2,-1
33,38,2,5,4,3,2
33,39,2,1,2,-1,0
33,40,6,2,4,-4,-2
33,41,3,1,2,-2,-1
33,42,3,3,3,0,0
33,43,5,4,4,-1,-1
33,44,8,8,8,0,0
33,45,6,4,5,-2,-1
33,46,7,1,4,-6,-3
33,47,4,7,6,3,2
33,48,1,8,4,7,3
33,49,6,2,4,-4,-2
33,50,8,4,6,-4,-2
33,51,1,8,4,7,3
33,52,1,6,4,5,3
33,53,2,8,5,6,3
33,54,8,3,6,-5,-2
33,55,2,4,3,2,1
33,56,1,4,2,3,1
33,57,7,7,7,0,0
33,58,4,2,3,-2,-1
33,59,2,7,4,5,2
33,60,2,7,4,5,2
33,61,4,2,3,-2,-1
33,62,4,2,3,-2,-1
33,63,7,6,6,-1,-1
33,64,1,3,2,2,1
33,65,2,8,5,6,3
33,66,2,7,4,5,2
33,67,4,1,2,-3,-2
33,68,7,4,6,-3,-1
33,69,2,7,4,5,2
33,70,3,1,2,-2,-1
33,71,5,8,6,3,1
33,72,2,7,4,5,2
33,73,4,3,4,-1,0
33,74,2,7,4,5,2
33,75,6,7,6,1,0
33,76,6,3,4,-3,-2
33,77,8,4,6,-4,-2
33,78,2,6,4,4,2
33,79,8,8,8,0,0
33,80,5,4,4,-1,-1
33,81,4,3,4,-1,0
33,82,4,6,5,2,1
33,83,2,6,4,4,2
33,84,2,8,5,6,3
33,85,4,2,3,-2,-1
33,86,8,1,4,-7,-4
33,87,4,7,6,3,2
33,88,8,3,6,-5,-2
33,89,8,8,8,0,0
33,90,8,1,4,-7,-4
33,91,1,4,2,3,1
33,92,3,3,3,0,0
33,93,3,4,4,1,1
33,94,6,7,6,1,0
33,95,4,3,4,-1,0
33,96,3,8,6,5,3
33,97,8,2,5,-6,-3
33,98,2,7,4,5,2
33,99,3,2,2,-1,-1
33,100,7,6,6,-1,-1
33,101,2,5,4,3,2
33,102,3,2,2,-1,-1
33,103,2,6,4,4,2
33,104,2,8,5,6,3
33,105,8,1,4,-7,-4
33,106,4,2,3,-2,-1
33,107,6,6,6,0,0
33,108,3,4,4,1,1
33,109,7,3,5,-4,-2
33,110,1,6,4,5,3
33,111,1,7,4,6,3
33,112,3,3,3,0,0
33,113,7,3,5,-4,-2
33,114,8,3,6,-5,-2
33,115,3,6,4,3,1
33,116,2,7,4,5,2
33,117,1,3,2,2,1
33,118,7,5,6,-2,-1
33,119,2,1,2,-1,0
33,120,1,8,4,7,3
33,121,1,3,2,2,1
33,122,8,8,8,0,0
33,123,6,4,5,-2,-1
33,124,5,3,4,-2,-1
33,125,8,1,4,-7,-4
33,126,3,5,4,2,1
33,127,2,1,2,-1,0
33,128,4,4,4,0,0
33,129,6,4,5,-2,-1
33,130,8,3,6,-5,-2
33,131,6,5,6,-1,0
33,132,3,7,5,4,2
33,133,7,8,8,1,1
33,134,6,6,6,0,0
33,135,8,6,7,-2,-1
33,136,4,7,6,3,2
33,137,1,8,4,7,3
33,138,8,3,6,-5,-2
33,139,7,3,5,-4,-2
33,140,6,2,4,-4,-2
33,141,2,4,3,2,1
33,142,3,6,4,3,1
33,143,3,2,2,-1,-1
33,144,8,2,5,-6,-3
33,145,4,4,4,0,0
33,146,6,5,6,-1,0
33,147,1,7,4,6,3
33,148,8,4,6,-4,-2
33,149,5,4,4,-1,-1
33,150,2,1,2,-1,0
33,151,2,8,5,6,3
33,152,6,4,5,-2,-1
33,153,5,3,4,-2,-1
34,1,5,1,3,-4,-2
34,2,6,8,7,2,1
34,3,5,8,6,3,1
34,4,5,8,6,3,1
34,5,2,2,2,0,0
34,6,1,7,4,6,3
34,7,3,1,2,-2,-1
34,8,3,1,2,-2,-1
34,9,1,2,2,1,1
34,10,2,1,2,-1,0
34,11,2,6,4,4,2
34,12,1,1,1,0,0
34,13,2,2,2,0,0
34,14,3,3,3,0,0
34,15,7,7,7,0,0
34,16,4,5,4,1,0
34,17,7,7,7,0,0
34,18,5,2,4,-3,-1
34,19,8,3,6,-5,-2
34,20,3,7,5,4,2
34,21,7,4,6,-3,-1
34,22,7,8,8,1,1
34,23,2,8,5,6,3
34,24,1,1,1,0,0
34,25,5,4,4,-1,-1
34,26,8,1,4,-7,-4
34,27,5,7,6,2,1
34,28,6,1,4,-5,-2
34,29,2,2,2,0,0
34,30,3,8,6,5,3
34,31,8,8,8,0,0
34,32,1,8,4,7,3
34,33,8,7,8,-1,0
34,34,7,7,7,0,0
34,35,6,3,4,-3,-2
34,36,7,3,5,-4,-2
34,37,8,1,4,-7,-4
34,38,4,5,4,1,0
34,39,5,8,6,3,1
34,40,6,3,4,-3,-2
34,41,3,6,4,3,1
34,42,7,5,6,-2,-1
34,43,2,2,2,0,0
34,44,1,2,2,1,1
34,45,7,5,6,-2,-1
34,46,1,5,3,4,2
34,47,8,8,8,0,0
34,48,8,8,8,0,0
34,49,3,4,4,1,1
34,50,1,1,1,0,0
34,51,7,6,6,-1,-1
34,52,4,5,4,1,0
34,53,5,8,6,3,1
34,54,7,7,7,0,0
34,55,2,1,2,-1,0
34,56,6,3,4,-3,-2
34,57,8,5,6,-3,-2
34,58,4,8,6,4,2
34,59,3,7,5,4,2
34,60,1,7,4,6,3
34,61,1,2,2,1,1
34,62,5,4,4,-1,-1
34,63,7,7,7,0,0
34,64,2,1,2,-1,0
34,65,5,5,5,0,0
34,66,2,7,4,5,2
34,67,2,3,2,1,0
34,68,7,2,4,-5,-3
34,69,8,7,8,-1,0
34,70,6,4,5,-2,-1
34,71,6,4,5,-2,-1
34,72,3,3,3,0,0
34,73,2,8,5,6,3
34,74,4,5,4,1,0
34,75,6,6,6,0,0
34,76,3,4,4,1,1
34,77,1,6,4,5,3
34,78,8,1,4,-7,-4
34,79,5,1,3,-4,-2
34,80,4,3,4,-1,0
34,81,4,8,6,4,2
34,82,6,6,6,0,0
34,83,8,7,8,-1,0
34,84,5,6,6,1,1
34,85,2,5,4,3,2
34,86,5,6,6,1,1
34,87,6,4,5,-2,-1
34,88,1,8,4,7,3
34,89,2,2,2,0,0
34,90,6,8,7,2,1
34,91,7,2,4,-5,-3
34,92,2,3,2,1,0
34,93,5,6,6,1,1
34,94,3,1,2,-2,-1
34,95,6,7,6,1,0
34,96,6,7,6,1,0
34,97,4,5,4,1,0
34,98,7,2,4,-5,-3
34,99,8,3,6,-5,-2
34,100,2,8,5,6,3
34,101,6,3,4,-3,-2
34,102,7,5,6,-2,-1
34,103,3,5,4,2,1
34,104,7,4,6,-3,-1
34,105,8,7,8,-1,0
34,106,4,6,5,2,1
34,107,4,1,2,-3,-2
34,108,4,1,2,-3,-2
34,109,2,3,2,1,0
34,110,5,1,3,-4,-2
34,111,7,5,6,-2,-1
34,112,1,2,2,1,1
34,113,6,2,4,-4,-2
34,114,7,7,7,0,0
34,115,2,3,2,1,0
34,116,4,2,3,-2,-1
34,117,3,4,4,1,1
34,118,8,4,6,-4,-2
34,119,3,1,2,-2,-1
34,120,2,8,5,6,3
34,121,6,3,4,-3,-2
34,122,5,2,4,-3,-1
34,123,5,2,4,-3,-1
34,124,1,2,2,1,1
34,125,1,4,2,3,1
34,126,3,3,3,0,0
34,127,1,4,2,3,1
34,128,5,4,4,-1,-1
34,129,5,5,5,0,0
34,130,4,8,6,4,2
34,131,8,4,6,-4,-2
34,132,8,4,6,-4,-2
34,133,6,2,4,-4,-2
34,134,8,4,6,-4,-2
34,135,1,6,4,5,3
34,136,1,5,3,4,2
34,137,6,7,6,1,0
34,138,3,6,4,3,1
34,139,1,3,2,2,1
34,140,8,6,7,-2,-1
34,141,6,1,4,-5,-2
34,142,1,5,3,4,2
34,143,2,3,2,1,0
34,144,4,7,6,3,2
34,145,1,4,2,3,1
34,146,2,3,2,1,0
34,147,5,1,3,-4,-2
34,148,5,3,4,-2,-1
34,149,1,2,2,1,1
34,150,4,5,4,1,0
34,151,4,6,5,2,1
34,152,2,7,4,5,2
34,153,2,5,4,3,2
35,1,2,7,4,5,2
35,2,8,7,8,-1,0
35,3,6,1,4,-5,-2
35,4,8,8,8,0,0
35,5,2,7,4,5,2
35,6,1,1,1,0,0
35,7,6,7,6,1,0
35,8,3,8,6,5,3
35,9,5,6,6,1,1
35,10,4,6,5,2,1
35,11,2,3,2,1,0
35,12,2,5,4,3,2
35,13,4,8,6,4,2
35,14,1,3,2,2,1
35,15,3,3,3,0,0
35,16,5,4,4,-1,-1
35,17,1,2,2,1,1
35,18,8,6,7,-2,-1
35,19,4,8,6,4,2
35,20,3,2,2,-1,-1
35,21,3,7,5,4,2
35,22,6,1,4,-5,-2
35,23,4,4,4,0,0
35,24,7,1,4,-6,-3
35,25,4,6,5,2,1
35,26,1,4,2,3,1
35,27,3,3,3,0,0
35,28,8,5,6,-3,-2
35,29,7,2,4,-5,-3
35,30,5,7,6,2,1
35,31,3,7,5,4,2
35,32,6,2,4,-4,-2
35,33,3,2,2,-1,-1
35,34,4,1,2,-3,-2
35,35,5,3,4,-2,-1
35,36,4,4,4,0,0
35,37,5,4,4,-1,-1
35,38,3,2,2,-1,-1
35,39,6,7,6,1,0
35,40,4,5,4,1,0
35,41,7,4,6,-3,-1
35,42,2,7,4,5,2
35,43,2,8,5,6,3
35,44,8,8,8,0,0
35,45,4,6,5,2,1
35,46,1,8,4,7,3
35,47,3,6,4,3,1
35,48,2,6,4,4,2
35,49,6,3,4,-3,-2
35,50,2,8,5,6,3
35,51,3,8,6,5,3
35,52,5,6,6,1,1
35,53,7,3,5,-4,-2
35,54,1,1,1,0,0
35,55,7,2,4,-5,-3
35,56,6,3,4,-3,-2
35,57,4,6,5,2,1
35,58,3,5,4,2,1
35,59,6,5,6,-1,0
35,60,3,8,6,5,3
35,61,8,6,7,-2,-1
35,62,3,7,5,4,2
35,63,2,8,5,6,3
35,64,2,1,2,-1,0
35,65,4,8,6,4,2
35,66,8,6,7,-2,-1
35,67,1,5,3,4,2
35,68,6,3,4,-3,-2
35,69,2,8,5,6,3
35,70,1,3,2,2,1
35,71,3,4,4,1,1
35,72,2,1,2,-1,0
35,73,1,2,2,1,1
35,74,6,3,4,-3,-2
35,75,4,6,5,2,1
35,76,2,8,5,6,3
35,77,1,4,2,3,1
35,78,8,7,8,-1,0
35,79,7,3,5,-4,-2
35,80,1,7,4,6,3
35,81,7,8,8,1,1
35,82,3,3,3,0,0
35,83,8,1,4,-7,-4
35,84,7,1,4,-6,-3
35,85,3,3,3,0,0
35,86,8,8,8,0,0
35,87,7,6,6,-1,-1
35,88,6,8,7,2,1
35,89,4,5,4,1,0
35,90,6,1,4,-5,-2
35,91,2,4,3,2,1
35,92,1,5,3,4,2
35,93,2,8,5,6,3
35,94,1,8,4,7,3
35,95,1,7,4,6,3
35,96,1,3,2,2,1
35,97,7,3,5,-4,-2
35,98,4,3,4,-1,0
35,99,3,3,3,0,0
35,100,1,3,2,2,1
35,101,2,7,4,5,2
35,102,1,6,4,5,3
35,103,1,5,3,4,2
35,104,3,6,4,3,1
35,105,1,2,2,1,1
35,106,2,8,5,6,3
35,107,4,3,4,-1,0
35,108,3,8,6,5,3
35,109,7,3,5,-4,-2
35,110,2,7,4,5,2
35,111,1,4,2,3,1
35,112,5,2,4,-3,-1
35,113,3,2,2,-1,-1
35,114,2,7,4,5,2
35,115,4,7,6,3,2
35,116,7,1,4,-6,-3
35,117,8,8,8,0,0
35,118,6,7,6,1,0
35,119,7,3,5,-4,-2
35,120,7,3,5,-4,-2
35,121,1,8,4,7,3
35,122,4,5,4,1,0
35,123,5,5,5,0,0
35,124,3,2,2,-1,-1
35,125,2,2,2,0,0
35,126,5,1,3,-4,-2
35,127,1,2,2,1,1
35,128,8,8,8,0,0
35,129,3,7,5,4,2
35,130,1,6,4,5,3
35,131,1,6,4,5,3
35,132,2,6,4,4,2
35,133,6,6,6,0,0
35,134,5,4,4,-1,-1
35,135,6,6,6,0,0
35,136,5,1,3,-4,-2
35,137,3,4,4,1,1
35,138,8,5,6,-3,-2
35,139,2,8,5,6,3
35,140,6,4,5,-2,-1
35,141,3,7,5,4,2
35,142,3,2,2,-1,-1
35,143,5,1,3,-4,-2
35,144,1,8,4,7,3
35,145,5,4,4,-1,-1
35,146,4,3,4,-1,0
35,147,6,6,6,0,0
35,148,3,8,6,5,3
35,149,6,3,4,-3,-2
35,150,6,6,6,0,0
35,151,2,1,2,-1,0
35,152,6,3,4,-3,-2
35,153,8,3,6,-5,-2
36,1,1,5,3,4,2
36,2,2,2,2,0,0
36,3,4,2,3,-2,-1
36,4,6,1,4,-5,-2
36,5,4,5,4,1,0
36,6,2,6,4,4,2
36,7,3,3,3,0,0
36,8,6,7,6,1,0
36,9,4,6,5,2,1
36,10,8,3,6,-5,-2
36,11,7,2,4,-5,-3
36,12,2,8,5,6,3
36,13,5,3,4,-2,-1
36,14,4,3,4,-1,0
36,15,7,4,6,-3,-1
36,16,3,6,4,3,1
36,17,1,2,2,1,1
36,18,8,5,6,-3,-2
36,19,4,3,4,-1,0
36,20,7,5,6,-2,-1
36,21,2,5,4,3,2
36,22,3,5,4,2,1
36,23,2,7,4,5,2
36,24,2,2,2,0,0
36,25,8,3,6,-5,-2
36,26,8,2,5,-6,-3
36,27,3,7,5,4,2
36,28,8,6,7,-2,-1
36,29,7,7,7,0,0
36,30,2,5,4,3,2
36,31,4,8,6,4,2
36,32,3,5,4,2,1
36,33,7,3,5,-4,-2
36,34,6,7,6,1,0
36,35,7,2,4,-5,-3
36,36,1,6,4,5,3
36,37,2,6,4,4,2
36,38,5,1,3,-4,-2
36,39,3,2,2,-1,-1
36,40,3,5,4,2,1
36,41,8,7,8,-1,0
36,42,3,8,6,5,3
36,43,7,5,6,-2,-1
36,44,5,1,3,-4,-2
36,45,4,2,3,-2,-1
36,46,4,7,6,3,2
36,47,3,7,5,4,2
36,48,4,2,3,-2,-1
36,49,4,6,5,2,1
36,50,1,7,4,6,3
36,51,5,6,6,1,1
36,52,8,7,8,-1,0
36,53,6,6,6,0,0
36,54,6,2,4,-4,-2
36,55,8,4,6,-4,-2
36,56,5,2,4,-3,-1
36,57,8,2,5,-6,-3
36,58,8,5,6,-3,-2
36,59,2,8,5,6,3
36,60,2,5,4,3,2
36,61,5,7,6,2,1
36,62,2,1,2,-1,0
36,63,2,5,4,3,2
36,64,3,5,4,2,1
36,65,8,4,6,-4,-2
36,66,5,6,6,1,1
36,67,4,2,3,-2,-1
36,68,5,5,5,0,0
36,69,6,2,4,-4,-2
36,70,6,5,6,-1,0
36,71,4,7,6,3,2
36,72,5,5,5,0,0
36,73,6,3,4,-3,-2
36,74,7,2,4,-5,-3
36,75,8,3,6,-5,-2
36,76,6,6,6,0,0
36,77,2,8,5,6,3
36,78,6,1,4,-5,-2
36,79,8,3,6,-5,-2
36,80,2,4,3,2,1
36,81,2,6,4,4,2
36,82,4,8,6,4,2
36,83,6,4,5,-2,-1
36,84,4,8,6,4,2
36,85,7,4,6,-3,-1
36,86,3,2,2,-1,-1
36,87,6,5,6,-1,0
36,88,6,6,6,0,0
36,89,7,7,7,0,0
36,90,5,4,4,-1,-1
36,91,1,1,1,0,0
36,92,8,7,8,-1,0
36,93,2,3,2,1,0
36,94,4,1,2,-3,-2
36,95,8,6,7,-2,-1
36,96,3,4,4,1,1
36,97,8,2,5,-6,-3
36,98,7,8,8,1,1
36,99,1,4,2,3,1
36,100,8,1,4,-7,-4
36,101,7,8,8,1,1
36,102,5,4,4,-1,-1
36,103,6,3,4,-3,-2
36,104,3,3,3,0,0
36,105,7,8,8,1,1
36,106,7,8,8,1,1
36,107,5,4,4,-1,-1
36,108,5,1,3,-4,-2
36,109,1,1,1,0,0
36,110,3,2,2,-1,-1
36,111,8,6,7,-2,-1
36,112,2,5,4,3,2
36,113,8,2,5,-6,-3
36,114,4,4,4,0,0
36,115,5,6,6,1,1
36,116,2,6,4,4,2
36,117,7,1,4,-6,-3
36,118,8,6,7,-2,-1
36,119,6,8,7,2,1
36,120,6,8,7,2,1
36,121,5,6,6,1,1
36,122,1,8,4,7,3
36,123,5,7,6,2,1
36,124,4,6,5,2,1
36,125,6,2,4,-4,-2
36,126,4,5,4,1,0
36,127,8,6,7,-2,-1
36,128,7,3,5,-4,-2
36,129,7,3,5,-4,-2
36,130,2,4,3,2,1
36,131,5,8,6,3,1
36,132,6,7,6,1,0
36,133,1,8,4,7,3
36,134,4,5,4,1,0
36,135,3,1,2,-2,-1
36,136,8,1,4,-7,-4
36,137,2,1,2,-1,0
36,138,8,7,8,-1,0
36,139,1,7,4,6,3
36,140,6,7,6,1,0
36,141,6,6,6,0,0
36,142,1,7,4,6,3
36,143,1,3,2,2,1
36,144,2,6,4,4,2
36,145,3,6,4,3,1
36,146,4,7,6,3,2
36,147,1,3,2,2,1
36,148,8,4,6,-4,-2
36,149,4,7,6,3,2
36,150,5,4,4,-1,-1
36,151,3,1,2,-2,-1
36,152,5,6,6,1,1
36,153,5,8,6,3,1
37,1,2,2,2,0,0
37,2,6,6,6,0,0
37,3,8,1,4,-7,-4
37,4,7,5,6,-2,-1
37,5,1,4,2,3,1
37,6,8,8,8,0,0
37,7,7,5,6,-2,-1
37,8,2,3,2,1,0
37,9,6,5,6,-1,0
37,10,7,7,7,0,0
37,11,5,4,4,-1,-1
37,12,6,4,5,-2,-1
37,13,8,3,6,-5,-2
37,14,3,4,4,1,1
37,15,3,2,2,-1,-1
37,16,6,7,6,1,0
37,17,6,1,4,-5,-2
37,18,7,6,6,-1,-1
37,19,8,2,5,-6,-3
37,20,3,8,6,5,3
37,21,2,3,2,1,0
37,22,7,5,6,-2,-1
37,23,2,8,5,6,3
37,24,7,1,4,-6,-3
37,25,1,4,2,3,1
37,26,4,2,3,-2,-1
37,27,8,5,6,-3,-2
37,28,1,2,2,1,1
37,29,6,1,4,-5,-2
37,30,1,7,4,6,3
37,31,4,6,5,2,1
37,32,7,5,6,-2,-1
37,33,8,8,8,0,0
37,34,1,4,2,3,1
37,35,4,2,3,-2,-1
37,36,5,2,4,-3,-1
37,37,3,1,2,-2,-1
37,38,7,6,6,-1,-1
37,39,1,5,3,4,2
37,40,8,5,6,-3,-2
37,41,3,4,4,1,1
37,42,7,3,5,-4,-2
37,43,6,5,6,-1,0
37,44,3,7,5,4,2
37,45,6,7,6,1,0
37,46,3,6,4,3,1
37,47,5,7,6,2,1
37,48,4,4,4,0,0
37,49,2,8,5,6,3
37,50,1,4,2,3,1
37,51,2,6,4,4,2
37,52,6,4,5,-2,-1
37,53,1,3,2,2,1
37,54,5,1,3,-4,-2
37,55,8,5,6,-3,-2
37,56,3,8,6,5,3
37,57,8,3,6,-5,-2
37,58,2,4,3,2,1
37,59,4,7,6,3,2
37,60,8,5,6,-3,-2
37,61,4,7,6,3,2
37,62,3,7,5,4,2
37,63,4,3,4,-1,0
37,64,3,5,4,2,1
37,65,6,3,4,-3,-2
37,66,6,5,6,-1,0
37,67,2,1,2,-1,0
37,68,4,2,3,-2,-1
37,69,7,8,8,1,1
37,70,3,6,4,3,1
37,71,1,2,2,1,1
37,72,8,4,6,-4,-2
37,73,4,4,4,0,0
37,74,5,2,4,-3,-1
37,75,8,6,7,-2,-1
37,76,4,1,2,-3,-2
37,77,5,3,4,-2,-1
37,78,6,4,5,-2,-1
37,79,3,4,4,1,1
37,80,1,6,4,5,3
37,81,7,5,6,-2,-1
37,82,8,2,5,-6,-3
37,83,4,2,3,-2,-1
37,84,5,6,6,1,1
37,85,8,4,6,-4,-2
37,86,8,1,4,-7,-4
37,87,3,8,6,5,3
37,88,7,4,6,-3,-1
37,89,2,3,2,1,0
37,90,3,1,2,-2,-1
37,91,4,4,4,0,0
37,92,4,8,6,4,2
37,93,6,2,4,-4,-2
37,94,6,1,4,-5,-2
37,95,5,1,3,-4,-2
37,96,8,2,5,-6,-3
37,97,6,8,7,2,1
37,98,1,2,2,1,1
37,99,4,8,6,4,2
37,100,7,5,6,-2,-1
37,101,7,4,6,-3,-1
37,102,7,6,6,-1,-1
37,103,1,1,1,0,0
37,104,2,4,3,2,1
37,105,2,8,5,6,3
37,106,1,2,2,1,1
37,107,3,4,4,1,1
37,108,2,1,2,-1,0
37,109,7,3,5,-4,-2
37,110,6,1,4,-5,-2
37,111,5,4,4,-1,-1
37,112,1,6,4,5,3
37,113,6,6,6,0,0
37,114,3,4,4,1,1
37,115,3,4,4,1,1
37,116,4,3,4,-1,0
37,117,1,8,4,7,3
37,118,7,5,6,-2,-1
37,119,2,3,2,1,0
37,120,6,8,7,2,1
37,121,4,4,4,0,0
37,122,1,4,2,3,1
37,123,6,4,5,-2,-1
37,124,8,8,8,0,0
37,125,3,6,4,3,1
37,126,1,5,3,4,2
37,127,7,4,6,-3,-1
37,128,5,5,5,0,0
37,129,8,1,4,-7,-4
37,130,2,3,2,1,0
37,131,1,4,2,3,1
37,132,4,2,3,-2,-1
37,133,6,8,7,2,1
37,134,3,1,2,-2,-1
37,135,2,2,2,0,0
37,136,3,4,4,1,1
37,137,1,8,4,7,3
37,138,8,1,4,-7,-4
37,139,3,1,2,-2,-1
37,140,5,3,4,-2,-1
37,141,8,3,6,-5,-2
37,142,4,6,5,2,1
37,143,3,2,2,-1,-1
37,144,5,7,6,2,1
37,145,5,3,4,-2,-1
37,146,2,1,2,-1,0
37,147,8,7,8,-1,0
37,148,2,7,4,5,2
37,149,6,7,6,1,0
37,150,8,3,6,-5,-2
37,151,8,4,6,-4,-2
37,152,4,7,6,3,2
37,153,2,3,2,1,0
38,1,2,4,3,2,1
38,2,3,7,5,4,2
38,3,8,3,6,-5,-2
38,4,6,5,6,-1,0
38,5,4,1,2,-3,-2
38,6,3,3,3,0,0
38,7,8,8,8,0,0
38,8,4,2,3,-2,-1
38,9,5,1,3,-4,-2
38,10,4,7,6,3,2
38,11,4,7,6,3,2
38,12,2,1,2,-1,0
38,13,2,8,5,6,3
38,14,5,6,6,1,1
38,15,8,5,6,-3,-2
38,16,6,5,6,-1,0
38,17,5,4,4,-1,-1
38,18,8,8,8,0,0
38,19,3,4,4,1,1
38,20,6,2,4,-4,-2
38,21,1,4,2,3,1
38,22,5,1,3,-4,-2
38,23,8,1,4,-7,-4
38,24,4,4,4,0,0
38,25,8,5,6,-3,-2
38,26,8,6,7,-2,-1
38,27,2,8,5,6,3
38,28,4,1,2,-3,-2
38,29,2,7,4,5,2
38,30,8,4,6,-4,-2
38,31,7,4,6,-3,-1
38,32,4,7,6,3,2
38,33,1,2,2,1,1
38,34,3,1,2,-2,-1
38,35,1,8,4,7,3
38,36,3,7,5,4,2
38,37,4,2,3,-2,-1
38,38,1,6,4,5,3
38,39,7,6,6,-1,-1
38,40,2,5,4,3,2
38,41,3,4,4,1,1
38,42,7,5,6,-2,-1
38,43,7,2,4,-5,-3
38,44,7,5,6,-2,-1
38,45,5,3,4,-2,-1
38,46,2,6,4,4,2
38,47,1,5,3,4,2
38,48,8,1,4,-7,-4
38,49,3,5,4,2,1
38,50,7,3,5,-4,-2
38,51,8,4,6,-4,-2
38,52,2,7,4,5,2
38,53,5,8,6,3,1
38,54,5,1,3,-4,-2
38,55,3,8,6,5,3
38,56,3,5,4,2,1
38,57,7,8,8,1,1
38,58,2,4,3,2,1
38,59,1,4,2,3,1
38,60,1,1,1,0,0
38,61,1,1,1,0,0
38,62,1,6,4,5,3
38,63,2,2,2,0,0
38,64,3,7,5,4,2
38,65,1,1,1,0,0
38,66,5,3,4,-2,-1
38,67,3,5,4,2,1
38,68,6,8,7,2,1
38,69,7,1,4,-6,-3
38,70,8,2,5,-6,-3
38,71,1,7,4,6,3
38,72,6,7,6,1,0
38,73,1,7,4,6,3
38,74,5,7,6,2,1
38,75,1,5,3,4,2
38,76,6,1,4,-5,-2
38,77,8,3,6,-5,-2
38,78,6,4,5,-2,-1
38,79,4,2,3,-2,-1
38,80,6,1,4,-5,-2
38,81,7,3,5,-4,-2
38,82,5,6,6,1,1
38,83,3,4,4,1,1
38,84,1,5,3,4,2
38,85,2,3,2,1,0
38,86,4,4,4,0,0
38,87,3,7,5,4,2
38,88,8,1,4,-7,-4
38,89,3,3,3,0,0
38,90,6,2,4,-4,-2
38,91,4,3,4,-1,0
38,92,8,8,8,0,0
38,93,4,2,3,-2,-1
38,94,1,7,4,6,3
38,95,8,1,4,-7,-4
38,96,8,4,6,-4,-2
38,97,3,2,2,-1,-1
38,98,3,6,4,3,1
38,99,3,2,2,-1,-1
38,100,7,8,8,1,1
38,101,3,7,5,4,2
38,102,1,2,2,1,1
38,103,8,1,4,-7,-4
38,104,3,2,2,-1,-1
38,105,3,4,4,1,1
38,106,5,5,5,0,0
38,107,7,8,8,1,1
38,108,4,1,2,-3,-2
38,109,8,5,6,-3,-2
38,110,2,1,2,-1,0
38,111,1,1,1,0,0
38,112,3,5,4,2,1
38,113,1,2,2,1,1
38,114,7,3,5,-4,-2
38,115,6,2,4,-4,-2
38,116,2,5,4,3,2
38,117,2,2,2,0,0
38,118,4,7,6,3,2
38,119,2,5,4,3,2
38,120,8,2,5,-6,-3
38,121,2,4,3,2,1
38,122,5,4,4,-1,-1
38,123,2,2,2,0,0
38,124,6,8,7,2,1
38,125,8,1,4,-7,-4
38,126,5,7,6,2,1
38,127,8,8,8,0,0
38,128,2,1,2,-1,0
38,129,1,8,4,7,3
38,130,8,4,6,-4,-2
38,131,1,5,3,4,2
38,132,1,4,2,3,1
38,133,7,4,6,-3,-1
38,134,3,4,4,1,1
38,135,1,7,4,6,3
38,136,3,3,3,0,0
38,137,3,5,4,2,1
38,138,6,4,5,-2,-1
38,139,5,3,4,-2,-1
38,140,5,5,5,0,0
38,141,2,2,2,0,0
38,142,4,4,4,0,0
38,143,8,6,7,-2,-1
38,144,1,7,4,6,3
38,145,2,2,2,0,0
38,146,2,4,3,2,1
38,147,3,8,6,5,3
38,148,2,2,2,0,0
38,149,4,2,3,-2,-1
38,150,8,5,6,-3,-2
38,151,6,8,7,2,1
38,152,3,7,5,4,2
38,153,4,3,4,-1,0
39,1,4,3,4,-1,0
39,2,8,3,6,-5,-2
39,3,5,3,4,-2,-1
39,4,1,4,2,3,1
39,5,7,7,7,0,0
39,6,3,4,4,1,1
39,7,1,5,3,4,2
39,8,3,4,4,1,1
39,9,8,4,6,-4,-2
39,10,8,8,8,0,0
39,11,6,5,6,-1,0
39,12,4,4,4,0,0
39,13,4,1,2,-3,-2
39,14,5,6,6,1,1
39,15,7,8,8,1,1
39,16,2,6,4,4,2
39,17,1,4,2,3,1
39,18,5,5,5,0,0
39,19,7,2,4,-5,-3
39,20,7,8,8,1,1
39,21,2,6,4,4,2
39,22,2,1,2,-1,0
39,23,8,2,5,-6,-3
39,24,4,4,4,0,0
39,25,4,4,4,0,0
39,26,7,6,6,-1,-1
39,27,2,3,2,1,0
39,28,2,6,4,4,2
39,29,1,2,2,1,1
39,30,6,8,7,2,1
39,31,5,2,4,-3,-1
39,32,8,1,4,-7,-4
39,33,1,8,4,7,3
39,34,1,6,4,5,3
39,35,5,4,4,-1,-1
39,36,7,4,6,-3,-1
39,37,3,4,4,1,1
39,38,2,1,2,-1,0
39,39,6,6,6,0,0
39,40,3,8,6,5,3
39,41,4,7,6,3,2
39,42,2,1,2,-1,0
39,43,1,2,2,1,1
39,44,5,3,4,-2,-1
39,45,1,3,2,2,1
39,46,7,7,7,0,0
39,47,7,8,8,1,1
39,48,3,6,4,3,1
39,49,3,3,3,0,0
39,50,2,4,3,2,1
39,51,4,8,6,4,2
39,52,2,3,2,1,0
39,53,4,3,4,-1,0
39,54,3,4,4,1,1
39,55,4,7,6,3,2
39,56,7,5,6,-2,-1
39,57,3,8,6,5,3
39,58,6,6,6,0,0
39,59,8,6,7,-2,-1
39,60,8,5,6,-3,-2
39,61,3,2,2,-1,-1
39,62,6,2,4,-4,-2
39,63,1,4,2,3,1
39,64,7,4,6,-3,-1
39,65,8,7,8,-1,0
39,66,5,5,5,0,0
39,67,6,3,4,-3,-2
39,68,5,3,4,-2,-1
39,69,2,1,2,-1,0
39,70,7,1,4,-6,-3
39,71,4,1,2,-3,-2
39,72,7,5,6,-2,-1
39,73,8,7,8,-1,0
39,74,8,7,8,-1,0
39,75,7,3,5,-4,-2
39,76,2,7,4,5,2
39,77,3,8,6,5,3
39,78,8,3,6,-5,-2
39,79,4,1,2,-3,-2
39,80,2,1,2,-1,0
39,81,5,7,6,2,1
39,82,7,8,8,1,1
39,83,6,6,6,0,0
39,84,7,3,5,-4,-2
39,85,3,7,5,4,2
39,86,3,4,4,1,1
39,87,2,1,2,-1,0
39,88,3,4,4,1,1
39,89,5,1,3,-4,-2
39,90,5,4,4,-1,-1
39,91,2,8,5,6,3
39,92,1,2,2,1,1
39,93,2,5,4,3,2
39,94,6,2,4,-4,-2
39,95,6,3,4,-3,-2
39,96,7,3,5,-4,-2
39,97,3,2,2,-1,-1
39,98,1,2,2,1,1
39,99,5,1,3,-4,-2
39,100,7,3,5,-4,-2
39,101,1,6,4,5,3
39,102,2,5,4,3,2
39,103,5,1,3,-4,-2
39,104,6,2,4,-4,-2
39,105,4,7,6,3,2
39,106,6,7,6,1,0
39,107,5,2,4,-3,-1
39,108,6,5,6,-1,0
39,109,7,4,6,-3,-1
39,110,1,1,1,0,0
39,111,1,6,4,5,3
39,112,5,1,3,-4,-2
39,113,7,2,4,-5,-3
39,114,6,2,4,-4,-2
39,115,3,3,3,0,0
39,116,5,4,4,-1,-1
39,117,5,4,4,-1,-1
39,118,1,4,2,3,1
39,119,8,5,6,-3,-2
39,120,8,1,4,-7,-4
39,121,1,8,4,7,3
39,122,2,8,5,6,3
39,123,1,7,4,6,3
39,124,5,3,4,-2,-1
39,125,7,2,4,-5,-3
39,126,5,1,3,-4,-2
39,127,8,6,7,-2,-1
39,128,8,5,6,-3,-2
39,129,4,2,3,-2,-1
39,130,8,5,6,-3,-2
39,131,1,3,2,2,1
39,132,6,4,5,-2,-1
39,133,8,4,6,-4,-2
39,134,3,1,2,-2,-1
39,135,1,6,4,5,3
39,136,8,1,4,-7,-4
39,137,5,6,6,1,1
39,138,8,8,8,0,0
39,139,7,1,4,-6,-3
39,140,2,3,2,1,0
39,141,1,7,4,6,3
39,142,6,2,4,-4,-2
39,143,8,3,6,-5,-2
39,144,5,2,4,-3,-1
39,145,8,8,8,0,0
39,146,6,3,4,-3,-2
39,147,4,1,2,-3,-2
39,148,4,1,2,-3,-2
39,149,8,3,6,-5,-2
39,150,7,2,4,-5,-3
39,151,6,1,4,-5,-2
39,152,2,3,2,1,0
39,153,8,6,7,-2,-1
40,1,6,7,6,1,0
40,2,3,8,6,5,3
40,3,2,7,4,5,2
40,4,6,1,4,-5,-2
40,5,3,4,4,1,1
40,6,2,8,5,6,3
40,7,3,2,2,-1,-1
40,8,7,5,6,-2,-1
40,9,7,6,6,-1,-1
40,10,3,3,3,0,0
40,11,1,8,4,7,3
40,12,7,3,5,-4,-2
40,13,1,2,2,1,1
40,14,3,1,2,-2,-1
40,15,7,3,5,-4,-2
40,16,5,1,3,-4,-2
40,17,8,2,5,-6,-3
40,18,7,5,6,-2,-1
40,19,7,5,6,-2,-1
40,20,8,5,6,-3,-2
40,21,3,4,4,1,1
40,22,3,5,4,2,1
40,23,8,2,5,-6,-3
40,24,3,6,4,3,1
40,25,7,1,4,-6,-3
40,26,1,7,4,6,3
40,27,5,8,6,3,1
40,28,8,6,7,-2,-1
40,29,6,5,6,-1,0
40,30,7,6,6,-1,-1
40,31,4,5,4,1,0
40,32,2,1,2,-1,0
40,33,7,7,7,0,0
40,34,4,6,5,2,1
40,35,8,7,8,-1,0
40,36,8,6,7,-2,-1
40,37,6,6,6,0,0
40,38,8,4,6,-4,-2
40,39,5,2,4,-3,-1
40,40,3,1,2,-2,-1
40,41,8,7,8,-1,0
40,42,7,8,8,1,1
40,43,2,5,4,3,2
40,44,6,4,5,-2,-1
40,45,2,8,5,6,3
40,46,4,2,3,-2,-1
40,47,7,8,8,1,1
40,48,2,2,2,0,0
40,49,8,3,6,-5,-2
40,50,7,1,4,-6,-3
40,51,2,5,4,3,2
40,52,4,1,2,-3,-2
40,53,6,1,4,-5,-2
40,54,5,1,3,-4,-2
40,55,2,5,4,3,2
40,56,4,4,4,0,0
40,57,3,6,4,3,1
40,58,5,8,6,3,1
40,59,4,6,5,2,1
40,60,4,5,4,1,0
40,61,1,2,2,1,1
40,62,6,3,4,-3,-2
40,63,8,3,6,-5,-2
40,64,1,4,2,3,1
40,65,7,2,4,-5,-3
40,66,4,5,4,1,0
40,67,7,2,4,-5,-3
40,68,3,6,4,3,1
40,69,7,2,4,-5,-3
40,70,6,7,6,1,0
40,71,8,1,4,-7,-4
40,72,4,8,6,4,2
40,73,2,5,4,3,2
40,74,2,7,4,5,2
40,75,6,5,6,-1,0
40,76,5,6,6,1,1
40,77,3,5,4,2,1
40,78,1,4,2,3,1
40,79,3,6,4,3,1
40,80,2,2,2,0,0
40,81,2,1,2,-1,0
40,82,4,2,3,-2,-1
40,83,1,8,4,7,3
40,84,2,3,2,1,0
40,85,4,7,6,3,2
40,86,4,2,3,-2,-1
40,87,4,7,6,3,2
40,88,8,3,6,-5,-2
40,89,1,7,4,6,3
40,90,4,1,2,-3,-2
40,91,2,1,2,-1,0
40,92,8,8,8,0,0
40,93,6,4,5,-2,-1
40,94,3,1,2,-2,-1
40,95,6,6,6,0,0
40,96,6,4,5,-2,-1
40,97,4,8,6,4,2
40,98,3,8,6,5,3
40,99,7,4,6,-3,-1
40,100,5,5,5,0,0
40,101,1,3,2,2,1
40,102,7,8,8,1,1
40,103,1,7,4,6,3
40,104,2,8,5,6,3
40,105,3,5,4,2,1
40,106,8,8,8,0,0
40,107,6,2,4,-4,-2
40,108,7,7,7,0,0
40,109,7,6,6,-1,-1
40,110,1,2,2,1,1
40,111,1,1,1,0,0
40,112,7,5,6,-2,-1
40,113,8,4,6,-4,-2
40,114,7,1,4,-6,-3
40,115,8,8,8,0,0
40,116,4,6,5,2,1
40,117,4,6,5,2,1
40,118,8,8,8,0,0
40,119,6,7,6,1,0
40,120,2,7,4,5,2
40,121,7,4,6,-3,-1
40,122,6,7,6,1,0
40,123,8,1,4,-7,-4
40,124,5,8,6,3,1
40,125,8,2,5,-6,-3
40,126,6,6,6,0,0
40,127,5,5,5,0,0
40,128,4,2,3,-2,-1
40,129,8,5,6,-3,-2
40,130,3,8,6,5,3
40,131,2,7,4,5,2
40,132,6,1,4,-5,-2
40,133,1,4,2,3,1
40,134,1,7,4,6,3
40,135,5,8,6,3,1
40,136,2,8,5,6,3
40,137,5,6,6,1,1
40,138,2,1,2,-1,0
40,139,8,4,6,-4,-2
40,140,1,8,4,7,3
40,141,3,2,2,-1,-1
40,142,4,6,5,2,1
40,143,3,2,2,-1,-1
40,144,6,3,4,-3,-2
40,145,6,2,4,-4,-2
40,146,3,7,5,4,2
40,147,6,8,7,2,1
40,148,4,7,6,3,2
40,149,6,1,4,-5,-2
40,150,3,5,4,2,1
40,151,6,8,7,2,1
40,152,6,4,5,-2,-1
40,153,2,5,4,3,2
